0.000000	0.541844
0.050000	0.541218
0.100000	0.541471
0.150000	0.541461
0.200000	0.541540
0.250000	0.541545
0.300000	0.541328
0.350000	0.541283
0.400000	0.541209
0.450000	0.541147
0.500000	0.541089
0.550000	0.541224
0.600000	0.540981
0.650000	0.541040
0.700000	0.540759
0.750000	0.540996
0.800000	0.540734
0.850000	0.540614
0.900000	0.539967
0.950000	0.542464
1.000000	0.539567
1.050000	0.539764
1.100000	0.540239
1.150000	0.540008
1.200000	0.540210
1.250000	0.540305
1.300000	0.540103
1.350000	0.540182
1.400000	0.539861
1.450000	0.539998
1.500000	0.539889
1.550000	0.539848
1.600000	0.539919
1.650000	0.539899
1.700000	0.539809
1.750000	0.539943
1.800000	0.539981
1.850000	0.539886
1.900000	0.539865
1.950000	0.539894
2.000000	0.539911
2.050000	0.540014
2.100000	0.540146
2.150000	0.540091
2.200000	0.540075
2.250000	0.540059
2.300000	0.540039
2.350000	0.540184
2.400000	0.540070
2.450000	0.540082
2.500000	0.540131
2.550000	0.540080
2.600000	0.540029
2.650000	0.539990
2.700000	0.539874
2.750000	0.539878
2.800000	0.539952
2.850000	0.539955
2.900000	0.539920
2.950000	0.539799
3.000000	0.539733
3.050000	0.539641
3.100000	0.539579
3.150000	0.539480
3.200000	0.539421
3.250000	0.539414
3.300000	0.539294
3.350000	0.539362
3.400000	0.539325
3.450000	0.539317
3.500000	0.539263
3.550000	0.539158
3.600000	0.539204
3.650000	0.539141
3.700000	0.539010
3.750000	0.539006
3.800000	0.538957
3.850000	0.538878
3.900000	0.538781
3.950000	0.538865
4.000000	0.538837
4.050000	0.538801
4.100000	0.538817
4.150000	0.538676
4.200000	0.538740
4.250000	0.538753
4.300000	0.538709
4.350000	0.538753
4.400000	0.538691
4.450000	0.538906
4.500000	0.538796
4.550000	0.538847
4.600000	0.538707
4.650000	0.538638
4.700000	0.538625
4.750000	0.538462
4.800000	0.538490
4.850000	0.538541
4.900000	0.538633
4.950000	0.538684
5.000000	0.538748
5.050000	0.538766
5.100000	0.538674
5.150000	0.538559
5.200000	0.538438
5.250000	0.538300
5.300000	0.538403
5.350000	0.538434
5.400000	0.538586
5.450000	0.538720
5.500000	0.538627
5.550000	0.538439
5.600000	0.538760
5.650000	0.538867
5.700000	0.538840
5.750000	0.538835
5.800000	0.538788
5.850000	0.538847
5.900000	0.538878
5.950000	0.538941
6.000000	0.539021
6.050000	0.539005
6.100000	0.539023
6.150000	0.539016
6.200000	0.538993
6.250000	0.538908
6.300000	0.538939
6.350000	0.538978
6.400000	0.539057
6.450000	0.539079
6.500000	0.539220
6.550000	0.539324
6.600000	0.539455
6.650000	0.539523
6.700000	0.539490
6.750000	0.539536
6.800000	0.539567
6.850000	0.539628
6.900000	0.539577
6.950000	0.539754
7.000000	0.539708
7.050000	0.539968
7.100000	0.540167
7.150000	0.540248
7.200000	0.540312
7.250000	0.540338
7.300000	0.540351
7.350000	0.540331
7.400000	0.540368
7.450000	0.540484
7.500000	0.540595
7.550000	0.540787
7.600000	0.541029
7.650000	0.541112
7.700000	0.541239
7.750000	0.541296
7.800000	0.541269
7.850000	0.541267
7.900000	0.541231
7.950000	0.541275
8.000000	0.541372
8.050000	0.541408
8.100000	0.541471
8.150000	0.541655
8.200000	0.541788
8.250000	0.541895
8.300000	0.541961
8.350000	0.542038
8.400000	0.542061
8.450000	0.542076
8.500000	0.542171
8.550000	0.542245
8.600000	0.542385
8.650000	0.542551
8.700000	0.542664
8.750000	0.542807
8.800000	0.542906
8.850000	0.542990
8.900000	0.543167
8.950000	0.543235
9.000000	0.543333
9.050000	0.543343
9.100000	0.543294
9.150000	0.543282
9.200000	0.543347
9.250000	0.543371
9.300000	0.543353
9.350000	0.543406
9.400000	0.543273
9.450000	0.543370
9.500000	0.543652
9.550000	0.543772
9.600000	0.544027
9.650000	0.544175
9.700000	0.544486
9.750000	0.544583
9.800000	0.544907
9.850000	0.545009
9.900000	0.544992
9.950000	0.545002
10.000000	0.545010
10.050000	0.544953
10.100000	0.545005
10.150000	0.545096
10.200000	0.544981
10.250000	0.545365
10.300000	0.545323
10.350000	0.545152
10.400000	0.545878
10.450000	0.545300
10.500000	0.545063
10.550000	0.547032
10.600000	0.546741
10.650000	0.547629
10.700000	0.547437
10.750000	0.547756
10.800000	0.547997
10.850000	0.548277
10.900000	0.548500
10.950000	0.548438
11.000000	0.548564
11.050000	0.548596
11.100000	0.548615
11.150000	0.548502
11.200000	0.548712
11.250000	0.548719
11.300000	0.548798
11.350000	0.548913
11.400000	0.549007
11.450000	0.549142
11.500000	0.549142
11.550000	0.549362
11.600000	0.549605
11.650000	0.549822
11.700000	0.549959
11.750000	0.550199
11.800000	0.550328
11.850000	0.550661
11.900000	0.550790
11.950000	0.551014
12.000000	0.551152
12.050000	0.551215
12.100000	0.551655
12.150000	0.551430
12.200000	0.551820
12.250000	0.551797
12.300000	0.552037
12.350000	0.552143
12.400000	0.552257
12.450000	0.552336
12.500000	0.552451
12.550000	0.552467
12.600000	0.552594
12.650000	0.552660
12.700000	0.552745
12.750000	0.552898
12.800000	0.552854
12.850000	0.553235
12.900000	0.553496
12.950000	0.553787
13.000000	0.554172
13.050000	0.554420
13.100000	0.554619
13.150000	0.554820
13.200000	0.555024
13.250000	0.555216
13.300000	0.555380
13.350000	0.555550
13.400000	0.555724
13.450000	0.555806
13.500000	0.556069
13.550000	0.556189
13.600000	0.556426
13.650000	0.556557
13.700000	0.556748
13.750000	0.556898
13.800000	0.557107
13.850000	0.557233
13.900000	0.557407
13.950000	0.557504
14.000000	0.557534
14.050000	0.557703
14.100000	0.557805
14.150000	0.557812
14.200000	0.557904
14.250000	0.558024
14.300000	0.558088
14.350000	0.558195
14.400000	0.558317
14.450000	0.558404
14.500000	0.558491
14.550000	0.558631
14.600000	0.558746
14.650000	0.558877
14.700000	0.558935
14.750000	0.559186
14.800000	0.559270
14.850000	0.559298
14.900000	0.559430
14.950000	0.559536
15.000000	0.559604
15.000000	0.559673
