0.000000	0.537765
0.050000	0.551182
0.100000	0.552081
0.150000	0.552369
0.200000	0.552341
0.250000	0.552291
0.300000	0.552005
0.350000	0.551797
0.400000	0.551538
0.450000	0.551159
0.500000	0.550866
0.550000	0.550675
0.600000	0.550360
0.650000	0.550141
0.700000	0.549763
0.750000	0.549576
0.800000	0.549337
0.850000	0.549040
0.900000	0.548875
0.950000	0.548599
1.000000	0.548305
1.050000	0.548091
1.100000	0.547601
1.150000	0.547001
1.200000	0.546687
1.250000	0.546008
1.300000	0.545648
1.350000	0.545053
1.400000	0.544483
1.450000	0.543790
1.500000	0.543016
1.550000	0.542301
1.600000	0.541415
1.650000	0.540603
1.700000	0.540238
1.750000	0.539891
1.800000	0.539699
1.850000	0.539315
1.900000	0.538932
1.950000	0.538724
2.000000	0.538727
2.050000	0.538459
2.100000	0.538459
2.150000	0.538212
2.200000	0.537941
2.250000	0.537921
2.300000	0.537759
2.350000	0.537716
2.400000	0.537588
2.450000	0.537494
2.500000	0.537515
2.550000	0.537571
2.600000	0.537318
2.650000	0.537193
2.700000	0.537159
2.750000	0.536905
2.800000	0.536971
2.850000	0.536917
2.900000	0.536815
2.950000	0.536887
3.000000	0.536827
3.050000	0.536787
3.100000	0.536662
3.150000	0.536787
3.200000	0.536782
3.250000	0.536577
3.300000	0.536606
3.350000	0.536483
3.400000	0.536498
3.450000	0.536554
3.500000	0.536307
3.550000	0.536424
3.600000	0.536141
3.650000	0.536212
3.700000	0.536445
3.750000	0.536351
3.800000	0.536351
3.850000	0.536337
3.900000	0.536136
3.950000	0.535949
4.000000	0.536000
4.050000	0.535852
4.100000	0.535746
4.150000	0.535750
4.200000	0.535891
4.250000	0.535709
4.300000	0.535617
4.350000	0.535692
4.400000	0.535360
4.450000	0.535533
4.500000	0.535288
4.550000	0.535140
4.600000	0.535293
4.650000	0.535271
4.700000	0.535329
4.750000	0.535217
4.800000	0.535521
4.850000	0.535141
4.900000	0.535317
4.950000	0.535628
5.000000	0.535526
5.050000	0.534446
5.100000	0.534370
5.150000	0.534975
5.200000	0.532914
5.250000	0.536820
5.300000	0.535735
5.350000	0.534689
5.400000	0.535326
5.450000	0.533608
5.500000	0.534076
5.550000	0.534760
5.600000	0.534959
5.650000	0.535192
5.700000	0.534878
5.750000	0.534412
5.800000	0.534895
5.850000	0.534790
5.900000	0.534796
5.950000	0.534007
6.000000	0.534226
6.050000	0.534249
6.100000	0.534168
6.150000	0.534416
6.200000	0.534377
6.250000	0.534420
6.300000	0.534532
6.350000	0.534365
6.400000	0.534068
6.450000	0.534237
6.500000	0.533593
6.550000	0.533816
6.600000	0.534076
6.650000	0.534093
6.700000	0.534342
6.750000	0.534451
6.800000	0.534768
6.850000	0.534946
6.900000	0.535230
6.950000	0.535092
7.000000	0.534990
7.050000	0.535049
7.100000	0.535066
7.150000	0.535018
7.200000	0.535020
7.250000	0.535040
7.300000	0.535095
7.350000	0.535229
7.400000	0.535247
7.450000	0.535276
7.500000	0.535253
7.550000	0.535431
7.600000	0.535426
7.650000	0.535485
7.700000	0.535516
7.750000	0.535548
7.800000	0.535862
7.850000	0.535771
7.900000	0.536102
7.950000	0.536190
8.000000	0.536233
8.050000	0.536276
8.100000	0.536297
8.150000	0.536369
8.200000	0.536383
8.250000	0.536419
8.300000	0.536613
8.350000	0.536651
8.400000	0.536662
8.450000	0.536804
8.500000	0.536925
8.550000	0.537006
8.600000	0.537032
8.650000	0.537068
8.700000	0.537101
8.750000	0.537052
8.800000	0.537007
8.850000	0.537017
8.900000	0.537111
8.950000	0.537358
9.000000	0.537560
9.050000	0.537829
9.100000	0.537938
9.150000	0.538059
9.200000	0.538097
9.250000	0.538239
9.300000	0.538267
9.350000	0.538240
9.400000	0.538275
9.450000	0.538296
9.500000	0.538342
9.550000	0.538444
9.600000	0.538625
9.650000	0.538849
9.700000	0.539128
9.750000	0.539440
9.800000	0.539606
9.850000	0.539916
9.900000	0.540197
9.950000	0.540404
10.000000	0.540550
10.050000	0.540544
10.100000	0.540514
10.150000	0.540558
10.200000	0.540673
10.250000	0.540862
10.300000	0.541002
10.350000	0.541188
10.400000	0.541272
10.450000	0.541421
10.500000	0.541463
10.550000	0.541722
10.600000	0.541847
10.650000	0.542058
10.700000	0.542155
10.750000	0.542153
10.800000	0.542092
10.850000	0.542059
10.900000	0.542164
10.950000	0.542138
11.000000	0.542329
11.050000	0.542464
11.100000	0.542631
11.150000	0.542868
11.200000	0.543098
11.250000	0.543289
11.300000	0.543560
11.350000	0.543720
11.400000	0.543924
11.450000	0.544132
11.500000	0.544256
11.550000	0.544491
11.600000	0.544525
11.650000	0.544563
11.700000	0.544668
11.750000	0.544723
11.800000	0.544866
11.850000	0.545060
11.900000	0.545180
11.950000	0.545378
12.000000	0.545444
12.050000	0.545625
12.100000	0.545785
12.150000	0.545863
12.200000	0.546076
12.250000	0.546131
12.300000	0.546194
12.350000	0.546200
12.400000	0.546145
12.450000	0.546085
12.500000	0.546089
12.550000	0.546212
12.600000	0.546340
12.650000	0.546496
12.700000	0.546694
12.750000	0.546847
12.800000	0.546832
12.850000	0.546876
12.900000	0.546985
12.950000	0.547093
13.000000	0.547064
13.050000	0.547241
13.100000	0.547382
13.150000	0.547455
13.200000	0.547591
13.250000	0.547591
13.300000	0.547736
13.350000	0.547867
13.400000	0.548024
13.450000	0.548208
13.500000	0.548418
13.550000	0.548522
13.600000	0.548448
13.650000	0.548375
13.700000	0.548203
13.750000	0.548096
13.800000	0.547991
13.850000	0.547958
13.900000	0.547876
13.950000	0.547839
14.000000	0.547761
14.050000	0.547721
14.100000	0.547604
14.150000	0.547542
14.200000	0.547521
14.250000	0.547450
14.300000	0.547373
14.350000	0.547302
14.400000	0.547179
14.450000	0.547085
14.500000	0.546988
14.550000	0.546832
14.600000	0.546611
14.650000	0.546547
14.700000	0.546455
14.750000	0.546529
14.800000	0.546562
14.850000	0.546684
14.900000	0.546690
14.950000	0.546717
15.000000	0.546641
15.000000	0.546544
