0.000000	0.535041
0.050000	0.549727
0.100000	0.550195
0.150000	0.550301
0.200000	0.550348
0.250000	0.550259
0.300000	0.550126
0.350000	0.550024
0.400000	0.549842
0.450000	0.549732
0.500000	0.549618
0.550000	0.549495
0.600000	0.549309
0.650000	0.549166
0.700000	0.548995
0.750000	0.548892
0.800000	0.548731
0.850000	0.548591
0.900000	0.548458
0.950000	0.548303
1.000000	0.548213
1.050000	0.548040
1.100000	0.547992
1.150000	0.547767
1.200000	0.547637
1.250000	0.547430
1.300000	0.547287
1.350000	0.547123
1.400000	0.546858
1.450000	0.546574
1.500000	0.546080
1.550000	0.545525
1.600000	0.545114
1.650000	0.544805
1.700000	0.544629
1.750000	0.544330
1.800000	0.544211
1.850000	0.543753
1.900000	0.543294
1.950000	0.542669
2.000000	0.542164
2.050000	0.541915
2.100000	0.541678
2.150000	0.541421
2.200000	0.541132
2.250000	0.540941
2.300000	0.540667
2.350000	0.540616
2.400000	0.540677
2.450000	0.540788
2.500000	0.540907
2.550000	0.540912
2.600000	0.540955
2.650000	0.541009
2.700000	0.541053
2.750000	0.541181
2.800000	0.541392
2.850000	0.541466
2.900000	0.541390
2.950000	0.541380
3.000000	0.541214
3.050000	0.541025
3.100000	0.540668
3.150000	0.540354
3.200000	0.539952
3.250000	0.539638
3.300000	0.539486
3.350000	0.539278
3.400000	0.539307
3.450000	0.539273
3.500000	0.539324
3.550000	0.539427
3.600000	0.539352
3.650000	0.539156
3.700000	0.539069
3.750000	0.539094
3.800000	0.539069
3.850000	0.539051
3.900000	0.538990
3.950000	0.538942
4.000000	0.538886
4.050000	0.538860
4.100000	0.538937
4.150000	0.538944
4.200000	0.539102
4.250000	0.539214
4.300000	0.539360
4.350000	0.539552
4.400000	0.539718
4.450000	0.540004
4.500000	0.540139
4.550000	0.540241
4.600000	0.540307
4.650000	0.540363
4.700000	0.540264
4.750000	0.540054
4.800000	0.539751
4.850000	0.539463
4.900000	0.539210
4.950000	0.539136
5.000000	0.538983
5.050000	0.538932
5.100000	0.538901
5.150000	0.538753
5.200000	0.538625
5.250000	0.538373
5.300000	0.538086
5.350000	0.537869
5.400000	0.537653
5.450000	0.537459
5.500000	0.537427
5.550000	0.537537
5.600000	0.537736
5.650000	0.537887
5.700000	0.537910
5.750000	0.538038
5.800000	0.538221
5.850000	0.538260
5.900000	0.538247
5.950000	0.538112
6.000000	0.537958
6.050000	0.537466
6.100000	0.536974
6.150000	0.536573
6.200000	0.536246
6.250000	0.535917
6.300000	0.535730
6.350000	0.535658
6.400000	0.535661
6.450000	0.535663
6.500000	0.535717
6.550000	0.535566
6.600000	0.535373
6.650000	0.535541
6.700000	0.535400
6.750000	0.535352
6.800000	0.535095
6.850000	0.534569
6.900000	0.534035
6.950000	0.533583
7.000000	0.533172
7.050000	0.532939
7.100000	0.532679
7.150000	0.532799
7.200000	0.532753
7.250000	0.532641
7.300000	0.532473
7.350000	0.532214
7.400000	0.532112
7.450000	0.532166
7.500000	0.532128
7.550000	0.532047
7.600000	0.531747
7.650000	0.531714
7.700000	0.531313
7.750000	0.531235
7.800000	0.531081
7.850000	0.531055
7.900000	0.531071
7.950000	0.530923
8.000000	0.530801
8.050000	0.530939
8.100000	0.530773
8.150000	0.530609
8.200000	0.530903
8.250000	0.530555
8.300000	0.530445
8.350000	0.530405
8.400000	0.530272
8.450000	0.530823
8.500000	0.530701
8.550000	0.530898
8.600000	0.530627
8.650000	0.530545
8.700000	0.530653
8.750000	0.530675
8.800000	0.530662
8.850000	0.530648
8.900000	0.530519
8.950000	0.530435
9.000000	0.530356
9.050000	0.530522
9.100000	0.530696
9.150000	0.531009
9.200000	0.531304
9.250000	0.531610
9.300000	0.531804
9.350000	0.531883
9.400000	0.531913
9.450000	0.532043
9.500000	0.532261
9.550000	0.532381
9.600000	0.532528
9.650000	0.532516
9.700000	0.532478
9.750000	0.532480
9.800000	0.532667
9.850000	0.532886
9.900000	0.533059
9.950000	0.533226
10.000000	0.533294
10.050000	0.533387
10.100000	0.533499
10.150000	0.533547
10.200000	0.533535
10.250000	0.533481
10.300000	0.533325
10.350000	0.533522
10.400000	0.532874
10.450000	0.533151
10.500000	0.532822
10.550000	0.532754
10.600000	0.532850
10.650000	0.532985
10.700000	0.533049
10.750000	0.533063
10.800000	0.533239
10.850000	0.533236
10.900000	0.533335
10.950000	0.533517
11.000000	0.533524
11.050000	0.533504
11.100000	0.533585
11.150000	0.533545
11.200000	0.533563
11.250000	0.533428
11.300000	0.533017
11.350000	0.532754
11.400000	0.532508
11.450000	0.532338
11.500000	0.532261
11.550000	0.532148
11.600000	0.531998
11.650000	0.532117
11.700000	0.532000
11.750000	0.532067
11.800000	0.532108
11.850000	0.532342
11.900000	0.532220
11.950000	0.532161
12.000000	0.531967
12.050000	0.531776
12.100000	0.531479
12.150000	0.531239
12.200000	0.530803
12.250000	0.530422
12.300000	0.530131
12.350000	0.529886
12.400000	0.529873
12.450000	0.529897
12.500000	0.529785
12.550000	0.529831
12.600000	0.529846
12.650000	0.529914
12.700000	0.529894
12.750000	0.529942
12.800000	0.530081
12.850000	0.530157
12.900000	0.530257
12.950000	0.530377
13.000000	0.530468
13.050000	0.530579
13.100000	0.530658
13.150000	0.530703
13.200000	0.530650
13.250000	0.530698
13.300000	0.530734
13.350000	0.530907
13.400000	0.531022
13.450000	0.531245
13.500000	0.531369
13.550000	0.531599
13.600000	0.531722
13.650000	0.531715
13.700000	0.531855
13.750000	0.532143
13.800000	0.531743
13.850000	0.532192
13.900000	0.532340
13.950000	0.532473
14.000000	0.533151
14.050000	0.533285
14.100000	0.533489
14.150000	0.533576
14.200000	0.533992
14.250000	0.534084
14.300000	0.534387
14.350000	0.534684
14.400000	0.534781
14.450000	0.534816
14.500000	0.534842
14.550000	0.534849
14.600000	0.534941
14.650000	0.535117
14.700000	0.535240
14.750000	0.535474
14.800000	0.535483
14.850000	0.535594
14.900000	0.535649
14.950000	0.535746
15.000000	0.535978
15.000000	0.536128
