0.000	0.544
0.075	0.549
0.150	0.549
0.225	0.549
0.300	0.549
0.375	0.549
0.450	0.549
0.525	0.549
0.600	0.548
0.675	0.548
0.750	0.548
0.825	0.548
0.900	0.548
0.975	0.548
1.050	0.547
1.125	0.547
1.200	0.547
1.275	0.547
1.350	0.546
1.425	0.546
1.500	0.546
1.575	0.545
1.650	0.545
1.725	0.545
1.800	0.545
1.875	0.545
1.950	0.544
2.025	0.545
2.100	0.545
2.175	0.545
2.250	0.545
2.325	0.545
2.400	0.544
2.475	0.544
2.550	0.545
2.625	0.545
2.700	0.545
2.775	0.545
2.850	0.545
2.925	0.544
3.000	0.544
3.075	0.544
3.150	0.545
3.225	0.545
3.300	0.545
3.375	0.545
3.450	0.545
3.525	0.545
3.600	0.545
3.675	0.545
3.750	0.544
3.825	0.544
3.900	0.544
3.975	0.544
4.050	0.544
4.125	0.544
4.200	0.544
4.275	0.544
4.350	0.544
4.425	0.544
4.500	0.544
4.575	0.544
4.650	0.544
4.725	0.544
4.800	0.544
4.875	0.544
4.950	0.544
5.025	0.544
5.100	0.544
5.175	0.544
5.250	0.544
5.325	0.544
5.400	0.544
5.475	0.544
5.550	0.544
5.625	0.544
5.700	0.544
5.775	0.544
5.850	0.544
5.925	0.544
6.000	0.543
6.075	0.544
6.150	0.544
6.225	0.544
6.300	0.544
6.375	0.544
6.450	0.544
6.525	0.544
6.600	0.545
6.675	0.545
6.750	0.545
6.825	0.545
6.900	0.545
6.975	0.545
7.050	0.545
7.125	0.545
7.200	0.544
7.275	0.544
7.350	0.544
7.425	0.544
7.500	0.544
7.575	0.544
7.650	0.544
7.725	0.544
7.800	0.544
7.875	0.544
7.950	0.544
8.025	0.544
8.100	0.544
8.175	0.544
8.250	0.544
8.325	0.544
8.400	0.544
8.475	0.544
8.550	0.544
8.625	0.544
8.700	0.544
8.775	0.543
8.850	0.543
8.925	0.543
9.000	0.543
9.075	0.543
9.150	0.543
9.225	0.543
9.300	0.543
9.375	0.543
9.450	0.543
9.525	0.543
9.600	0.543
9.675	0.543
9.750	0.543
9.825	0.543
9.900	0.542
9.975	0.542
10.050	0.542
10.125	0.542
10.200	0.542
10.275	0.542
10.350	0.542
10.425	0.542
10.500	0.542
10.575	0.542
10.650	0.542
10.725	0.542
10.800	0.541
10.875	0.541
10.950	0.541
11.025	0.541
11.100	0.541
11.175	0.542
11.250	0.542
11.325	0.541
11.400	0.541
11.475	0.541
11.550	0.541
11.625	0.541
11.700	0.541
11.775	0.541
11.850	0.541
11.925	0.541
12.000	0.542
12.075	0.542
12.150	0.542
12.225	0.542
12.300	0.542
12.375	0.542
12.450	0.543
12.525	0.542
12.600	0.542
12.675	0.542
12.750	0.542
12.825	0.542
12.900	0.543
12.975	0.543
13.050	0.544
13.125	0.543
13.200	0.544
13.275	0.543
13.350	0.544
13.425	0.543
13.500	0.544
13.575	0.545
13.650	0.545
13.725	0.544
13.800	0.545
13.875	0.545
13.950	0.545
14.025	0.546
14.100	0.546
14.175	0.546
14.250	0.546
14.325	0.547
14.400	0.547
14.475	0.547
14.550	0.548
14.625	0.548
14.700	0.548
14.775	0.549
14.850	0.550
14.925	0.550
15.000	0.550
