0.000	0.545
0.075	0.551
0.150	0.551
0.225	0.551
0.300	0.551
0.375	0.551
0.450	0.551
0.525	0.551
0.600	0.550
0.675	0.551
0.750	0.550
0.825	0.550
0.900	0.550
0.975	0.551
1.050	0.551
1.125	0.551
1.200	0.551
1.275	0.551
1.350	0.551
1.425	0.551
1.500	0.551
1.575	0.551
1.650	0.550
1.725	0.549
1.800	0.548
1.875	0.548
1.950	0.547
2.025	0.546
2.100	0.546
2.175	0.546
2.250	0.545
2.325	0.545
2.400	0.545
2.475	0.545
2.550	0.546
2.625	0.546
2.700	0.546
2.775	0.546
2.850	0.547
2.925	0.547
3.000	0.547
3.075	0.547
3.150	0.547
3.225	0.547
3.300	0.548
3.375	0.548
3.450	0.548
3.525	0.548
3.600	0.548
3.675	0.548
3.750	0.548
3.825	0.548
3.900	0.548
3.975	0.548
4.050	0.548
4.125	0.548
4.200	0.548
4.275	0.548
4.350	0.548
4.425	0.548
4.500	0.548
4.575	0.548
4.650	0.549
4.725	0.549
4.800	0.549
4.875	0.549
4.950	0.549
5.025	0.549
5.100	0.549
5.175	0.549
5.250	0.549
5.325	0.549
5.400	0.549
5.475	0.549
5.550	0.549
5.625	0.548
5.700	0.548
5.775	0.548
5.850	0.548
5.925	0.548
6.000	0.548
6.075	0.547
6.150	0.547
6.225	0.547
6.300	0.546
6.375	0.546
6.450	0.546
6.525	0.545
6.600	0.545
6.675	0.545
6.750	0.545
6.825	0.544
6.900	0.544
6.975	0.544
7.050	0.544
7.125	0.544
7.200	0.544
7.275	0.543
7.350	0.543
7.425	0.543
7.500	0.543
7.575	0.542
7.650	0.542
7.725	0.542
7.800	0.542
7.875	0.542
7.950	0.541
8.025	0.541
8.100	0.540
8.175	0.540
8.250	0.540
8.325	0.539
8.400	0.539
8.475	0.539
8.550	0.538
8.625	0.538
8.700	0.538
8.775	0.538
8.850	0.538
8.925	0.537
9.000	0.537
9.075	0.537
9.150	0.537
9.225	0.537
9.300	0.537
9.375	0.537
9.450	0.538
9.525	0.538
9.600	0.538
9.675	0.537
9.750	0.537
9.825	0.537
9.900	0.537
9.975	0.537
10.050	0.537
10.125	0.537
10.200	0.537
10.275	0.537
10.350	0.539
10.425	0.537
10.500	0.537
10.575	0.537
10.650	0.538
10.725	0.538
10.800	0.538
10.875	0.539
10.950	0.539
11.025	0.539
11.100	0.540
11.175	0.540
11.250	0.540
11.325	0.540
11.400	0.541
11.475	0.541
11.550	0.541
11.625	0.541
11.700	0.541
11.775	0.542
11.850	0.542
11.925	0.542
12.000	0.543
12.075	0.543
12.150	0.543
12.225	0.544
12.300	0.544
12.375	0.545
12.450	0.545
12.525	0.546
12.600	0.547
12.675	0.547
12.750	0.548
12.825	0.549
12.900	0.549
12.975	0.550
13.050	0.550
13.125	0.551
13.200	0.551
13.275	0.552
13.350	0.552
13.425	0.552
13.500	0.552
13.575	0.553
13.650	0.553
13.725	0.553
13.800	0.554
13.875	0.554
13.950	0.554
14.025	0.555
14.100	0.555
14.175	0.555
14.250	0.554
14.325	0.554
14.400	0.554
14.475	0.553
14.550	0.553
14.625	0.553
14.700	0.552
14.775	0.552
14.850	0.552
14.925	0.552
15.000	0.552
