0.000	0.539
0.075	0.556
0.150	0.556
0.225	0.556
0.300	0.556
0.375	0.556
0.450	0.556
0.525	0.556
0.600	0.556
0.675	0.555
0.750	0.555
0.825	0.555
0.900	0.555
0.975	0.554
1.050	0.552
1.125	0.556
1.200	0.555
1.275	0.554
1.350	0.554
1.425	0.554
1.500	0.552
1.575	0.552
1.650	0.552
1.725	0.552
1.800	0.552
1.875	0.552
1.950	0.552
2.025	0.552
2.100	0.552
2.175	0.552
2.250	0.552
2.325	0.552
2.400	0.552
2.475	0.552
2.550	0.552
2.625	0.552
2.700	0.552
2.775	0.552
2.850	0.552
2.925	0.551
3.000	0.551
3.075	0.552
3.150	0.552
3.225	0.551
3.300	0.551
3.375	0.551
3.450	0.550
3.525	0.550
3.600	0.550
3.675	0.551
3.750	0.551
3.825	0.551
3.900	0.551
3.975	0.550
4.050	0.549
4.125	0.548
4.200	0.548
4.275	0.547
4.350	0.546
4.425	0.545
4.500	0.545
4.575	0.545
4.650	0.544
4.725	0.544
4.800	0.544
4.875	0.543
4.950	0.543
5.025	0.542
5.100	0.542
5.175	0.542
5.250	0.542
5.325	0.542
5.400	0.542
5.475	0.542
5.550	0.541
5.625	0.540
5.700	0.540
5.775	0.539
5.850	0.539
5.925	0.538
6.000	0.537
6.075	0.536
6.150	0.535
6.225	0.535
6.300	0.534
6.375	0.534
6.450	0.534
6.525	0.533
6.600	0.533
6.675	0.533
6.750	0.533
6.825	0.533
6.900	0.534
6.975	0.534
7.050	0.534
7.125	0.534
7.200	0.534
7.275	0.534
7.350	0.535
7.425	0.535
7.500	0.536
7.575	0.536
7.650	0.536
7.725	0.537
7.800	0.537
7.875	0.537
7.950	0.537
8.025	0.537
8.100	0.537
8.175	0.538
8.250	0.538
8.325	0.538
8.400	0.538
8.475	0.539
8.550	0.539
8.625	0.539
8.700	0.540
8.775	0.540
8.850	0.541
8.925	0.540
9.000	0.540
9.075	0.540
9.150	0.540
9.225	0.541
9.300	0.541
9.375	0.541
9.450	0.541
9.525	0.541
9.600	0.541
9.675	0.541
9.750	0.541
9.825	0.541
9.900	0.541
9.975	0.541
10.050	0.540
10.125	0.540
10.200	0.539
10.275	0.539
10.350	0.539
10.425	0.539
10.500	0.538
10.575	0.538
10.650	0.538
10.725	0.537
10.800	0.536
10.875	0.536
10.950	0.535
11.025	0.535
11.100	0.535
11.175	0.534
11.250	0.534
11.325	0.532
11.400	0.532
11.475	0.533
11.550	0.532
11.625	0.532
11.700	0.532
11.775	0.532
11.850	0.531
11.925	0.531
12.000	0.531
12.075	0.532
12.150	0.532
12.225	0.532
12.300	0.531
12.375	0.531
12.450	0.530
12.525	0.530
12.600	0.531
12.675	0.531
12.750	0.531
12.825	0.531
12.900	0.532
12.975	0.532
13.050	0.531
13.125	0.531
13.200	0.531
13.275	0.531
13.350	0.532
13.425	0.532
13.500	0.532
13.575	0.533
13.650	0.533
13.725	0.533
13.800	0.533
13.875	0.533
13.950	0.533
14.025	0.533
14.100	0.534
14.175	0.534
14.250	0.535
14.325	0.536
14.400	0.536
14.475	0.537
14.550	0.537
14.625	0.538
14.700	0.539
14.775	0.539
14.850	0.540
14.925	0.541
15.000	0.542
