0.000	0.518
0.075	0.516
0.150	0.516
0.225	0.516
0.300	0.516
0.375	0.516
0.450	0.516
0.525	0.516
0.600	0.516
0.675	0.516
0.750	0.516
0.825	0.516
0.900	0.516
0.975	0.516
1.050	0.517
1.125	0.517
1.200	0.519
1.275	0.521
1.350	0.522
1.425	0.524
1.500	0.524
1.575	0.525
1.650	0.527
1.725	0.532
1.800	0.533
1.875	0.523
1.950	0.521
2.025	0.522
2.100	0.521
2.175	0.521
2.250	0.520
2.325	0.521
2.400	0.523
2.475	0.522
2.550	0.518
2.625	0.513
2.700	0.513
2.775	0.512
2.850	0.512
2.925	0.512
3.000	0.513
3.075	0.514
3.150	0.514
3.225	0.514
3.300	0.514
3.375	0.514
3.450	0.514
3.525	0.514
3.600	0.514
3.675	0.514
3.750	0.514
3.825	0.514
3.900	0.514
3.975	0.515
4.050	0.516
4.125	0.516
4.200	0.516
4.275	0.516
4.350	0.515
4.425	0.515
4.500	0.515
4.575	0.517
4.650	0.516
4.725	0.517
4.800	0.518
4.875	0.518
4.950	0.517
5.025	0.517
5.100	0.517
5.175	0.516
5.250	0.516
5.325	0.517
5.400	0.517
5.475	0.518
5.550	0.518
5.625	0.517
5.700	0.517
5.775	0.517
5.850	0.517
5.925	0.517
6.000	0.517
6.075	0.517
6.150	0.517
6.225	0.517
6.300	0.517
6.375	0.517
6.450	0.516
6.525	0.516
6.600	0.516
6.675	0.516
6.750	0.516
6.825	0.517
6.900	0.518
6.975	0.517
7.050	0.516
7.125	0.516
7.200	0.516
7.275	0.517
7.350	0.517
7.425	0.517
7.500	0.517
7.575	0.517
7.650	0.517
7.725	0.517
7.800	0.517
7.875	0.518
7.950	0.518
8.025	0.518
8.100	0.518
8.175	0.519
8.250	0.520
8.325	0.520
8.400	0.521
8.475	0.521
8.550	0.521
8.625	0.520
8.700	0.520
8.775	0.521
8.850	0.521
8.925	0.521
9.000	0.521
9.075	0.520
9.150	0.520
9.225	0.519
9.300	0.519
9.375	0.519
9.450	0.519
9.525	0.519
9.600	0.519
9.675	0.519
9.750	0.519
9.825	0.519
9.900	0.519
9.975	0.518
10.050	0.519
10.125	0.519
10.200	0.519
10.275	0.519
10.350	0.520
10.425	0.520
10.500	0.520
10.575	0.520
10.650	0.519
10.725	0.519
10.800	0.519
10.875	0.520
10.950	0.520
11.025	0.521
11.100	0.521
11.175	0.520
11.250	0.520
11.325	0.520
11.400	0.520
11.475	0.520
11.550	0.520
11.625	0.519
11.700	0.519
11.775	0.519
11.850	0.519
11.925	0.519
12.000	0.519
12.075	0.519
12.150	0.519
12.225	0.519
12.300	0.519
12.375	0.519
12.450	0.520
12.525	0.520
12.600	0.520
12.675	0.520
12.750	0.520
12.825	0.520
12.900	0.519
12.975	0.519
13.050	0.519
13.125	0.519
13.200	0.520
13.275	0.520
13.350	0.520
13.425	0.520
13.500	0.520
13.575	0.520
13.650	0.520
13.725	0.520
13.800	0.520
13.875	0.520
13.950	0.520
14.025	0.520
14.100	0.520
14.175	0.520
14.250	0.520
14.325	0.520
14.400	0.520
14.475	0.520
14.550	0.520
14.625	0.520
14.700	0.520
14.775	0.520
14.850	0.520
14.925	0.520
15.000	0.520
