0.000	0.541
0.030	0.540
0.060	0.541
0.090	0.541
0.120	0.541
0.150	0.541
0.180	0.541
0.210	0.541
0.240	0.541
0.270	0.541
0.300	0.541
0.330	0.541
0.360	0.540
0.390	0.540
0.420	0.540
0.450	0.540
0.480	0.540
0.510	0.540
0.540	0.540
0.570	0.540
0.600	0.540
0.630	0.540
0.660	0.540
0.690	0.540
0.720	0.540
0.750	0.540
0.780	0.540
0.810	0.540
0.840	0.540
0.870	0.540
0.900	0.540
0.930	0.540
0.960	0.539
0.990	0.539
1.020	0.539
1.050	0.539
1.080	0.539
1.110	0.539
1.140	0.539
1.170	0.539
1.200	0.539
1.230	0.539
1.260	0.539
1.290	0.539
1.320	0.539
1.350	0.539
1.380	0.539
1.410	0.539
1.440	0.538
1.470	0.539
1.500	0.539
1.530	0.539
1.560	0.538
1.590	0.538
1.620	0.538
1.650	0.539
1.680	0.539
1.710	0.538
1.740	0.539
1.770	0.538
1.800	0.539
1.830	0.539
1.860	0.539
1.890	0.540
1.920	0.539
1.950	0.539
1.980	0.539
2.010	0.540
2.040	0.539
2.070	0.540
2.100	0.540
2.130	0.540
2.160	0.541
2.190	0.536
2.220	0.537
2.250	0.541
2.280	0.538
2.310	0.537
2.340	0.540
2.370	0.539
2.400	0.540
2.430	0.538
2.460	0.540
2.490	0.539
2.520	0.538
2.550	0.539
2.580	0.539
2.610	0.539
2.640	0.539
2.670	0.539
2.700	0.539
2.730	0.539
2.760	0.538
2.790	0.538
2.820	0.539
2.850	0.538
2.880	0.539
2.910	0.539
2.940	0.539
2.970	0.539
3.000	0.539
3.030	0.538
3.060	0.538
3.090	0.539
3.120	0.538
3.150	0.538
3.180	0.538
3.210	0.538
3.240	0.538
3.270	0.538
3.300	0.538
3.330	0.538
3.360	0.538
3.390	0.538
3.420	0.538
3.450	0.538
3.480	0.538
3.510	0.538
3.540	0.538
3.570	0.538
3.600	0.538
3.630	0.538
3.660	0.538
3.690	0.538
3.720	0.538
3.750	0.538
3.780	0.538
3.810	0.538
3.840	0.538
3.870	0.538
3.900	0.538
3.930	0.538
3.960	0.538
3.990	0.538
4.020	0.538
4.050	0.538
4.080	0.538
4.110	0.538
4.140	0.538
4.170	0.538
4.200	0.538
4.230	0.538
4.260	0.537
4.290	0.538
4.320	0.537
4.350	0.538
4.380	0.538
4.410	0.538
4.440	0.538
4.470	0.538
4.500	0.538
4.530	0.538
4.560	0.538
4.590	0.538
4.620	0.538
4.650	0.538
4.680	0.537
4.710	0.538
4.740	0.537
4.770	0.537
4.800	0.537
4.830	0.537
4.860	0.537
4.890	0.537
4.920	0.537
4.950	0.538
4.980	0.538
5.010	0.538
5.040	0.538
5.070	0.538
5.100	0.538
5.130	0.538
5.160	0.537
5.190	0.537
5.220	0.537
5.250	0.537
5.280	0.537
5.310	0.537
5.340	0.537
5.370	0.537
5.400	0.538
5.430	0.538
5.460	0.538
5.490	0.538
5.520	0.538
5.550	0.538
5.580	0.538
5.610	0.538
5.640	0.538
5.670	0.538
5.700	0.538
5.730	0.538
5.760	0.538
5.790	0.538
5.820	0.538
5.850	0.538
5.880	0.538
5.910	0.538
5.940	0.538
5.970	0.538
6.000	0.538
6.030	0.538
6.060	0.538
6.090	0.538
6.120	0.538
6.150	0.538
6.180	0.538
6.210	0.538
6.240	0.538
6.270	0.538
6.300	0.538
6.330	0.538
6.360	0.538
6.390	0.538
6.420	0.538
6.450	0.538
6.480	0.538
6.510	0.538
6.540	0.538
6.570	0.538
6.600	0.538
6.630	0.538
6.660	0.538
6.690	0.538
6.720	0.538
6.750	0.539
6.780	0.539
6.810	0.539
6.840	0.539
6.870	0.539
6.900	0.539
6.930	0.539
6.960	0.539
6.990	0.539
7.020	0.539
7.050	0.539
7.080	0.539
7.110	0.539
7.140	0.539
7.170	0.539
7.200	0.539
7.230	0.539
7.260	0.539
7.290	0.539
7.320	0.539
7.350	0.539
7.380	0.539
7.410	0.539
7.440	0.539
7.470	0.540
7.500	0.540
7.530	0.540
7.560	0.540
7.590	0.540
7.620	0.540
7.650	0.540
7.680	0.540
7.710	0.540
7.740	0.540
7.770	0.540
7.800	0.540
7.830	0.540
7.860	0.540
7.890	0.540
7.920	0.540
7.950	0.540
7.980	0.540
8.010	0.540
8.040	0.540
8.070	0.540
8.100	0.541
8.130	0.541
8.160	0.541
8.190	0.541
8.220	0.541
8.250	0.541
8.280	0.541
8.310	0.541
8.340	0.541
8.370	0.541
8.400	0.541
8.430	0.541
8.460	0.541
8.490	0.541
8.520	0.541
8.550	0.541
8.580	0.541
8.610	0.542
8.640	0.542
8.670	0.542
8.700	0.542
8.730	0.542
8.760	0.542
8.790	0.542
8.820	0.542
8.850	0.542
8.880	0.542
8.910	0.542
8.940	0.542
8.970	0.542
9.000	0.542
9.030	0.542
9.060	0.542
9.090	0.542
9.120	0.542
9.150	0.542
9.180	0.542
9.210	0.542
9.240	0.542
9.270	0.542
9.300	0.543
9.330	0.543
9.360	0.543
9.390	0.543
9.420	0.543
9.450	0.543
9.480	0.543
9.510	0.543
9.540	0.543
9.570	0.543
9.600	0.543
9.630	0.543
9.660	0.544
9.690	0.544
9.720	0.544
9.750	0.544
9.780	0.544
9.810	0.544
9.840	0.544
9.870	0.544
9.900	0.545
9.930	0.545
9.960	0.544
9.990	0.544
10.020	0.544
10.050	0.544
10.080	0.544
10.110	0.544
10.140	0.544
10.170	0.544
10.200	0.544
10.230	0.544
10.260	0.544
10.290	0.545
10.320	0.545
10.350	0.545
10.380	0.545
10.410	0.545
10.440	0.545
10.470	0.545
10.500	0.546
10.530	0.546
10.560	0.546
10.590	0.546
10.620	0.546
10.650	0.546
10.680	0.547
10.710	0.547
10.740	0.547
10.770	0.547
10.800	0.547
10.830	0.547
10.860	0.548
10.890	0.548
10.920	0.548
10.950	0.548
10.980	0.548
11.010	0.548
11.040	0.548
11.070	0.548
11.100	0.548
11.130	0.548
11.160	0.548
11.190	0.548
11.220	0.548
11.250	0.548
11.280	0.548
11.310	0.548
11.340	0.548
11.370	0.548
11.400	0.548
11.430	0.548
11.460	0.548
11.490	0.548
11.520	0.549
11.550	0.549
11.580	0.549
11.610	0.549
11.640	0.549
11.670	0.549
11.700	0.549
11.730	0.549
11.760	0.550
11.790	0.550
11.820	0.550
11.850	0.550
11.880	0.550
11.910	0.550
11.940	0.550
11.970	0.550
12.000	0.550
12.030	0.551
12.060	0.551
12.090	0.551
12.120	0.551
12.150	0.551
12.180	0.551
12.210	0.551
12.240	0.551
12.270	0.551
12.300	0.551
12.330	0.551
12.360	0.551
12.390	0.551
12.420	0.552
12.450	0.552
12.480	0.552
12.510	0.552
12.540	0.552
12.570	0.552
12.600	0.552
12.630	0.552
12.660	0.552
12.690	0.552
12.720	0.552
12.750	0.552
12.780	0.552
12.810	0.552
12.840	0.552
12.870	0.553
12.900	0.553
12.930	0.553
12.960	0.553
12.990	0.553
13.020	0.553
13.050	0.554
13.080	0.554
13.110	0.554
13.140	0.554
13.170	0.554
13.200	0.554
13.230	0.554
13.260	0.554
13.290	0.554
13.320	0.555
13.350	0.555
13.380	0.555
13.410	0.555
13.440	0.555
13.470	0.555
13.500	0.555
13.530	0.556
13.560	0.556
13.590	0.556
13.620	0.555
13.650	0.555
13.680	0.556
13.710	0.556
13.740	0.556
13.770	0.556
13.800	0.556
13.830	0.556
13.860	0.557
13.890	0.557
13.920	0.557
13.950	0.557
13.980	0.557
14.010	0.557
14.040	0.557
14.070	0.557
14.100	0.557
14.130	0.557
14.160	0.557
14.190	0.557
14.220	0.557
14.250	0.557
14.280	0.557
14.310	0.557
14.340	0.557
14.370	0.557
14.400	0.558
14.430	0.558
14.460	0.558
14.490	0.558
14.520	0.558
14.550	0.558
14.580	0.558
14.610	0.558
14.640	0.558
14.670	0.558
14.700	0.558
14.730	0.558
14.760	0.558
14.790	0.558
14.820	0.559
14.850	0.559
14.880	0.559
14.910	0.559
14.940	0.559
14.970	0.559
15.000	0.559
15.000	0.559
