0.000	0.537
0.030	0.551
0.060	0.552
0.090	0.552
0.120	0.552
0.150	0.552
0.180	0.553
0.210	0.552
0.240	0.552
0.270	0.552
0.300	0.552
0.330	0.552
0.360	0.552
0.390	0.551
0.420	0.551
0.450	0.551
0.480	0.551
0.510	0.551
0.540	0.550
0.570	0.550
0.600	0.550
0.630	0.550
0.660	0.550
0.690	0.549
0.720	0.549
0.750	0.549
0.780	0.549
0.810	0.549
0.840	0.549
0.870	0.549
0.900	0.548
0.930	0.548
0.960	0.548
0.990	0.548
1.020	0.548
1.050	0.547
1.080	0.547
1.110	0.547
1.140	0.546
1.170	0.546
1.200	0.546
1.230	0.546
1.260	0.545
1.290	0.545
1.320	0.545
1.350	0.544
1.380	0.544
1.410	0.543
1.440	0.543
1.470	0.543
1.500	0.542
1.530	0.542
1.560	0.541
1.590	0.540
1.620	0.540
1.650	0.540
1.680	0.539
1.710	0.539
1.740	0.539
1.770	0.539
1.800	0.539
1.830	0.538
1.860	0.538
1.890	0.538
1.920	0.538
1.950	0.538
1.980	0.538
2.010	0.538
2.040	0.538
2.070	0.538
2.100	0.537
2.130	0.537
2.160	0.537
2.190	0.537
2.220	0.537
2.250	0.537
2.280	0.537
2.310	0.537
2.340	0.537
2.370	0.537
2.400	0.537
2.430	0.537
2.460	0.536
2.490	0.537
2.520	0.537
2.550	0.537
2.580	0.536
2.610	0.536
2.640	0.536
2.670	0.536
2.700	0.536
2.730	0.536
2.760	0.536
2.790	0.536
2.820	0.536
2.850	0.536
2.880	0.536
2.910	0.536
2.940	0.536
2.970	0.536
3.000	0.536
3.030	0.536
3.060	0.536
3.090	0.536
3.120	0.536
3.150	0.536
3.180	0.536
3.210	0.536
3.240	0.536
3.270	0.536
3.300	0.536
3.330	0.536
3.360	0.536
3.390	0.536
3.420	0.536
3.450	0.535
3.480	0.535
3.510	0.535
3.540	0.535
3.570	0.535
3.600	0.535
3.630	0.535
3.660	0.535
3.690	0.535
3.720	0.535
3.750	0.535
3.780	0.535
3.810	0.535
3.840	0.535
3.870	0.535
3.900	0.535
3.930	0.535
3.960	0.535
3.990	0.535
4.020	0.535
4.050	0.535
4.080	0.535
4.110	0.535
4.140	0.535
4.170	0.535
4.200	0.535
4.230	0.535
4.260	0.535
4.290	0.535
4.320	0.535
4.350	0.535
4.380	0.535
4.410	0.535
4.440	0.535
4.470	0.534
4.500	0.535
4.530	0.534
4.560	0.534
4.590	0.534
4.620	0.534
4.650	0.534
4.680	0.534
4.710	0.534
4.740	0.534
4.770	0.534
4.800	0.534
4.830	0.534
4.860	0.534
4.890	0.534
4.920	0.534
4.950	0.534
4.980	0.535
5.010	0.534
5.040	0.534
5.070	0.534
5.100	0.534
5.130	0.534
5.160	0.534
5.190	0.534
5.220	0.534
5.250	0.534
5.280	0.534
5.310	0.534
5.340	0.534
5.370	0.534
5.400	0.533
5.430	0.533
5.460	0.534
5.490	0.534
5.520	0.534
5.550	0.534
5.580	0.534
5.610	0.535
5.640	0.536
5.670	0.535
5.700	0.536
5.730	0.535
5.760	0.531
5.790	0.532
5.820	0.531
5.850	0.533
5.880	0.534
5.910	0.534
5.940	0.533
5.970	0.534
6.000	0.534
6.030	0.534
6.060	0.534
6.090	0.534
6.120	0.533
6.150	0.534
6.180	0.534
6.210	0.534
6.240	0.533
6.270	0.534
6.300	0.533
6.330	0.534
6.360	0.533
6.390	0.533
6.420	0.533
6.450	0.533
6.480	0.533
6.510	0.533
6.540	0.533
6.570	0.533
6.600	0.533
6.630	0.533
6.660	0.533
6.690	0.534
6.720	0.534
6.750	0.534
6.780	0.534
6.810	0.534
6.840	0.534
6.870	0.534
6.900	0.534
6.930	0.534
6.960	0.534
6.990	0.534
7.020	0.534
7.050	0.534
7.080	0.534
7.110	0.534
7.140	0.534
7.170	0.534
7.200	0.534
7.230	0.534
7.260	0.534
7.290	0.534
7.320	0.534
7.350	0.534
7.380	0.534
7.410	0.534
7.440	0.534
7.470	0.534
7.500	0.534
7.530	0.535
7.560	0.534
7.590	0.534
7.620	0.535
7.650	0.535
7.680	0.535
7.710	0.535
7.740	0.535
7.770	0.535
7.800	0.535
7.830	0.535
7.860	0.535
7.890	0.535
7.920	0.535
7.950	0.535
7.980	0.535
8.010	0.535
8.040	0.535
8.070	0.535
8.100	0.535
8.130	0.535
8.160	0.535
8.190	0.536
8.220	0.536
8.250	0.536
8.280	0.536
8.310	0.536
8.340	0.536
8.370	0.536
8.400	0.536
8.430	0.536
8.460	0.536
8.490	0.536
8.520	0.536
8.550	0.536
8.580	0.536
8.610	0.536
8.640	0.536
8.670	0.536
8.700	0.536
8.730	0.536
8.760	0.536
8.790	0.536
8.820	0.536
8.850	0.536
8.880	0.536
8.910	0.536
8.940	0.536
8.970	0.537
9.000	0.537
9.030	0.537
9.060	0.537
9.090	0.537
9.120	0.537
9.150	0.537
9.180	0.537
9.210	0.537
9.240	0.537
9.270	0.538
9.300	0.537
9.330	0.537
9.360	0.537
9.390	0.537
9.420	0.537
9.450	0.538
9.480	0.537
9.510	0.538
9.540	0.538
9.570	0.538
9.600	0.538
9.630	0.538
9.660	0.538
9.690	0.538
9.720	0.538
9.750	0.539
9.780	0.539
9.810	0.539
9.840	0.539
9.870	0.539
9.900	0.539
9.930	0.540
9.960	0.540
9.990	0.540
10.020	0.540
10.050	0.540
10.080	0.540
10.110	0.540
10.140	0.540
10.170	0.540
10.200	0.540
10.230	0.540
10.260	0.540
10.290	0.540
10.320	0.540
10.350	0.540
10.380	0.540
10.410	0.540
10.440	0.541
10.470	0.541
10.500	0.541
10.530	0.541
10.560	0.541
10.590	0.541
10.620	0.541
10.650	0.541
10.680	0.541
10.710	0.541
10.740	0.541
10.770	0.541
10.800	0.541
10.830	0.541
10.860	0.541
10.890	0.541
10.920	0.541
10.950	0.541
10.980	0.541
11.010	0.541
11.040	0.542
11.070	0.542
11.100	0.542
11.130	0.542
11.160	0.542
11.190	0.542
11.220	0.542
11.250	0.543
11.280	0.543
11.310	0.543
11.340	0.543
11.370	0.543
11.400	0.543
11.430	0.543
11.460	0.543
11.490	0.543
11.520	0.543
11.550	0.544
11.580	0.544
11.610	0.544
11.640	0.544
11.670	0.544
11.700	0.544
11.730	0.544
11.760	0.544
11.790	0.544
11.820	0.544
11.850	0.544
11.880	0.544
11.910	0.544
11.940	0.544
11.970	0.545
12.000	0.545
12.030	0.545
12.060	0.545
12.090	0.545
12.120	0.545
12.150	0.545
12.180	0.545
12.210	0.545
12.240	0.545
12.270	0.545
12.300	0.545
12.330	0.545
12.360	0.545
12.390	0.545
12.420	0.545
12.450	0.545
12.480	0.545
12.510	0.545
12.540	0.545
12.570	0.545
12.600	0.545
12.630	0.546
12.660	0.546
12.690	0.546
12.720	0.546
12.750	0.546
12.780	0.546
12.810	0.546
12.840	0.546
12.870	0.546
12.900	0.546
12.930	0.546
12.960	0.546
12.990	0.546
13.020	0.546
13.050	0.546
13.080	0.546
13.110	0.547
13.140	0.547
13.170	0.547
13.200	0.547
13.230	0.547
13.260	0.547
13.290	0.547
13.320	0.547
13.350	0.547
13.380	0.547
13.410	0.547
13.440	0.547
13.470	0.547
13.500	0.547
13.530	0.548
13.560	0.548
13.590	0.548
13.620	0.547
13.650	0.547
13.680	0.547
13.710	0.547
13.740	0.547
13.770	0.547
13.800	0.547
13.830	0.547
13.860	0.547
13.890	0.547
13.920	0.547
13.950	0.547
13.980	0.547
14.010	0.547
14.040	0.547
14.070	0.547
14.100	0.547
14.130	0.547
14.160	0.547
14.190	0.547
14.220	0.546
14.250	0.547
14.280	0.546
14.310	0.546
14.340	0.546
14.370	0.546
14.400	0.546
14.430	0.546
14.460	0.546
14.490	0.546
14.520	0.546
14.550	0.546
14.580	0.546
14.610	0.546
14.640	0.546
14.670	0.546
14.700	0.546
14.730	0.546
14.760	0.546
14.790	0.546
14.820	0.546
14.850	0.546
14.880	0.546
14.910	0.546
14.940	0.546
14.970	0.546
15.000	0.546
15.000	0.546
