0.000	0.535
0.030	0.550
0.060	0.549
0.090	0.550
0.120	0.550
0.150	0.549
0.180	0.550
0.210	0.549
0.240	0.549
0.270	0.549
0.300	0.550
0.330	0.550
0.360	0.550
0.390	0.550
0.420	0.549
0.450	0.549
0.480	0.549
0.510	0.549
0.540	0.548
0.570	0.549
0.600	0.549
0.630	0.548
0.660	0.549
0.690	0.549
0.720	0.548
0.750	0.548
0.780	0.548
0.810	0.548
0.840	0.548
0.870	0.548
0.900	0.548
0.930	0.548
0.960	0.548
0.990	0.548
1.020	0.548
1.050	0.547
1.080	0.547
1.110	0.547
1.140	0.547
1.170	0.547
1.200	0.547
1.230	0.546
1.260	0.547
1.290	0.546
1.320	0.546
1.350	0.547
1.380	0.546
1.410	0.546
1.440	0.546
1.470	0.546
1.500	0.545
1.530	0.545
1.560	0.545
1.590	0.544
1.620	0.544
1.650	0.544
1.680	0.544
1.710	0.543
1.740	0.544
1.770	0.543
1.800	0.543
1.830	0.543
1.860	0.542
1.890	0.542
1.920	0.542
1.950	0.542
1.980	0.541
2.010	0.541
2.040	0.541
2.070	0.541
2.100	0.541
2.130	0.541
2.160	0.540
2.190	0.540
2.220	0.540
2.250	0.540
2.280	0.540
2.310	0.540
2.340	0.540
2.370	0.540
2.400	0.540
2.430	0.540
2.460	0.540
2.490	0.540
2.520	0.540
2.550	0.540
2.580	0.540
2.610	0.540
2.640	0.540
2.670	0.540
2.700	0.540
2.730	0.540
2.760	0.540
2.790	0.540
2.820	0.540
2.850	0.541
2.880	0.541
2.910	0.540
2.940	0.540
2.970	0.541
3.000	0.540
3.030	0.540
3.060	0.540
3.090	0.540
3.120	0.540
3.150	0.539
3.180	0.539
3.210	0.539
3.240	0.539
3.270	0.539
3.300	0.538
3.330	0.538
3.360	0.538
3.390	0.538
3.420	0.538
3.450	0.538
3.480	0.538
3.510	0.538
3.540	0.538
3.570	0.538
3.600	0.538
3.630	0.538
3.660	0.538
3.690	0.538
3.720	0.538
3.750	0.538
3.780	0.538
3.810	0.538
3.840	0.538
3.870	0.538
3.900	0.538
3.930	0.538
3.960	0.538
3.990	0.538
4.020	0.538
4.050	0.538
4.080	0.538
4.110	0.538
4.140	0.538
4.170	0.538
4.200	0.538
4.230	0.538
4.260	0.538
4.290	0.539
4.320	0.538
4.350	0.539
4.380	0.539
4.410	0.539
4.440	0.539
4.470	0.539
4.500	0.539
4.530	0.540
4.560	0.539
4.590	0.540
4.620	0.540
4.650	0.539
4.680	0.539
4.710	0.539
4.740	0.539
4.770	0.539
4.800	0.539
4.830	0.539
4.860	0.538
4.890	0.538
4.920	0.538
4.950	0.538
4.980	0.538
5.010	0.538
5.040	0.538
5.070	0.537
5.100	0.538
5.130	0.538
5.160	0.538
5.190	0.537
5.220	0.537
5.250	0.538
5.280	0.536
5.310	0.536
5.340	0.536
5.370	0.538
5.400	0.538
5.430	0.536
5.460	0.537
5.490	0.536
5.520	0.536
5.550	0.537
5.580	0.537
5.610	0.537
5.640	0.537
5.670	0.537
5.700	0.537
5.730	0.537
5.760	0.537
5.790	0.537
5.820	0.537
5.850	0.537
5.880	0.537
5.910	0.538
5.940	0.537
5.970	0.537
6.000	0.537
6.030	0.537
6.060	0.536
6.090	0.536
6.120	0.536
6.150	0.535
6.180	0.535
6.210	0.535
6.240	0.535
6.270	0.535
6.300	0.535
6.330	0.535
6.360	0.535
6.390	0.535
6.420	0.535
6.450	0.535
6.480	0.535
6.510	0.535
6.540	0.534
6.570	0.534
6.600	0.534
6.630	0.534
6.660	0.534
6.690	0.534
6.720	0.535
6.750	0.534
6.780	0.534
6.810	0.534
6.840	0.534
6.870	0.533
6.900	0.533
6.930	0.533
6.960	0.532
6.990	0.532
7.020	0.532
7.050	0.532
7.080	0.532
7.110	0.532
7.140	0.532
7.170	0.532
7.200	0.532
7.230	0.532
7.260	0.532
7.290	0.532
7.320	0.532
7.350	0.531
7.380	0.531
7.410	0.531
7.440	0.531
7.470	0.531
7.500	0.531
7.530	0.531
7.560	0.531
7.590	0.531
7.620	0.531
7.650	0.531
7.680	0.531
7.710	0.530
7.740	0.530
7.770	0.530
7.800	0.530
7.830	0.530
7.860	0.530
7.890	0.530
7.920	0.530
7.950	0.530
7.980	0.530
8.010	0.530
8.040	0.530
8.070	0.530
8.100	0.530
8.130	0.530
8.160	0.530
8.190	0.530
8.220	0.530
8.250	0.530
8.280	0.530
8.310	0.529
8.340	0.529
8.370	0.529
8.400	0.530
8.430	0.530
8.460	0.530
8.490	0.530
8.520	0.530
8.550	0.530
8.580	0.530
8.610	0.529
8.640	0.529
8.670	0.529
8.700	0.530
8.730	0.530
8.760	0.530
8.790	0.530
8.820	0.530
8.850	0.530
8.880	0.530
8.910	0.529
8.940	0.529
8.970	0.529
9.000	0.529
9.030	0.529
9.060	0.529
9.090	0.529
9.120	0.530
9.150	0.530
9.180	0.530
9.210	0.530
9.240	0.531
9.270	0.531
9.300	0.531
9.330	0.531
9.360	0.531
9.390	0.531
9.420	0.531
9.450	0.531
9.480	0.531
9.510	0.531
9.540	0.531
9.570	0.531
9.600	0.532
9.630	0.532
9.660	0.531
9.690	0.531
9.720	0.531
9.750	0.531
9.780	0.531
9.810	0.532
9.840	0.532
9.870	0.532
9.900	0.532
9.930	0.532
9.960	0.532
9.990	0.532
10.020	0.532
10.050	0.532
10.080	0.532
10.110	0.532
10.140	0.532
10.170	0.532
10.200	0.532
10.230	0.532
10.260	0.532
10.290	0.532
10.320	0.532
10.350	0.532
10.380	0.532
10.410	0.532
10.440	0.532
10.470	0.532
10.500	0.532
10.530	0.532
10.560	0.532
10.590	0.532
10.620	0.532
10.650	0.532
10.680	0.532
10.710	0.532
10.740	0.532
10.770	0.532
10.800	0.532
10.830	0.532
10.860	0.532
10.890	0.532
10.920	0.533
10.950	0.533
10.980	0.533
11.010	0.533
11.040	0.533
11.070	0.533
11.100	0.533
11.130	0.533
11.160	0.533
11.190	0.533
11.220	0.533
11.250	0.532
11.280	0.532
11.310	0.532
11.340	0.532
11.370	0.532
11.400	0.532
11.430	0.531
11.460	0.531
11.490	0.531
11.520	0.531
11.550	0.531
11.580	0.531
11.610	0.531
11.640	0.531
11.670	0.531
11.700	0.531
11.730	0.531
11.760	0.531
11.790	0.531
11.820	0.531
11.850	0.531
11.880	0.531
11.910	0.532
11.940	0.531
11.970	0.532
12.000	0.531
12.030	0.531
12.060	0.531
12.090	0.530
12.120	0.530
12.150	0.530
12.180	0.530
12.210	0.530
12.240	0.529
12.270	0.529
12.300	0.529
12.330	0.529
12.360	0.529
12.390	0.529
12.420	0.529
12.450	0.529
12.480	0.529
12.510	0.529
12.540	0.529
12.570	0.529
12.600	0.529
12.630	0.529
12.660	0.529
12.690	0.529
12.720	0.529
12.750	0.529
12.780	0.529
12.810	0.529
12.840	0.529
12.870	0.529
12.900	0.529
12.930	0.529
12.960	0.529
12.990	0.529
13.020	0.529
13.050	0.529
13.080	0.529
13.110	0.529
13.140	0.529
13.170	0.529
13.200	0.529
13.230	0.529
13.260	0.529
13.290	0.530
13.320	0.530
13.350	0.530
13.380	0.530
13.410	0.530
13.440	0.530
13.470	0.530
13.500	0.530
13.530	0.531
13.560	0.531
13.590	0.531
13.620	0.531
13.650	0.531
13.680	0.531
13.710	0.531
13.740	0.531
13.770	0.531
13.800	0.531
13.830	0.531
13.860	0.531
13.890	0.531
13.920	0.532
13.950	0.532
13.980	0.532
14.010	0.532
14.040	0.532
14.070	0.532
14.100	0.532
14.130	0.533
14.160	0.533
14.190	0.533
14.220	0.533
14.250	0.533
14.280	0.533
14.310	0.533
14.340	0.534
14.370	0.534
14.400	0.534
14.430	0.534
14.460	0.534
14.490	0.534
14.520	0.534
14.550	0.534
14.580	0.534
14.610	0.534
14.640	0.534
14.670	0.534
14.700	0.534
14.730	0.535
14.760	0.534
14.790	0.535
14.820	0.535
14.850	0.535
14.880	0.535
14.910	0.535
14.940	0.535
14.970	0.535
15.000	0.535
15.000	0.535
