0.000	0.514
0.030	0.516
0.060	0.516
0.090	0.515
0.120	0.515
0.150	0.517
0.180	0.517
0.210	0.516
0.240	0.518
0.270	0.515
0.300	0.514
0.330	0.518
0.360	0.518
0.390	0.518
0.420	0.518
0.450	0.518
0.480	0.518
0.510	0.518
0.540	0.516
0.570	0.518
0.600	0.516
0.630	0.517
0.660	0.516
0.690	0.515
0.720	0.520
0.750	0.518
0.780	0.519
0.810	0.520
0.840	0.521
0.870	0.519
0.900	0.518
0.930	0.518
0.960	0.523
0.990	0.523
1.020	0.523
1.050	0.522
1.080	0.526
1.110	0.521
1.140	0.528
1.170	0.526
1.200	0.525
1.230	0.527
1.260	0.527
1.290	0.526
1.320	0.525
1.350	0.525
1.380	0.522
1.410	0.524
1.440	0.521
1.470	0.519
1.500	0.518
1.530	0.517
1.560	0.515
1.590	0.516
1.620	0.513
1.650	0.518
1.680	0.515
1.710	0.516
1.740	0.516
1.770	0.516
1.800	0.517
1.830	0.517
1.860	0.515
1.890	0.515
1.920	0.515
1.950	0.515
1.980	0.517
2.010	0.519
2.040	0.517
2.070	0.519
2.100	0.520
2.130	0.516
2.160	0.517
2.190	0.522
2.220	0.518
2.250	0.521
2.280	0.517
2.310	0.518
2.340	0.514
2.370	0.513
2.400	0.515
2.430	0.512
2.460	0.514
2.490	0.512
2.520	0.512
2.550	0.511
2.580	0.510
2.610	0.509
2.640	0.509
2.670	0.509
2.700	0.509
2.730	0.509
2.760	0.509
2.790	0.509
2.820	0.510
2.850	0.510
2.880	0.511
2.910	0.512
2.940	0.512
2.970	0.512
3.000	0.512
3.030	0.511
3.060	0.511
3.090	0.512
3.120	0.511
3.150	0.512
3.180	0.512
3.210	0.512
3.240	0.512
3.270	0.512
3.300	0.512
3.330	0.513
3.360	0.512
3.390	0.513
3.420	0.512
3.450	0.512
3.480	0.512
3.510	0.511
3.540	0.511
3.570	0.511
3.600	0.511
3.630	0.511
3.660	0.512
3.690	0.512
3.720	0.512
3.750	0.512
3.780	0.512
3.810	0.512
3.840	0.511
3.870	0.511
3.900	0.511
3.930	0.511
3.960	0.511
3.990	0.511
4.020	0.511
4.050	0.511
4.080	0.511
4.110	0.511
4.140	0.511
4.170	0.511
4.200	0.512
4.230	0.512
4.260	0.512
4.290	0.511
4.320	0.511
4.350	0.511
4.380	0.511
4.410	0.511
4.440	0.511
4.470	0.511
4.500	0.511
4.530	0.510
4.560	0.511
4.590	0.511
4.620	0.511
4.650	0.511
4.680	0.511
4.710	0.511
4.740	0.511
4.770	0.511
4.800	0.511
4.830	0.511
4.860	0.511
4.890	0.511
4.920	0.511
4.950	0.511
4.980	0.512
5.010	0.512
5.040	0.512
5.070	0.512
5.100	0.512
5.130	0.512
5.160	0.512
5.190	0.512
5.220	0.512
5.250	0.512
5.280	0.513
5.310	0.514
5.340	0.515
5.370	0.515
5.400	0.515
5.430	0.514
5.460	0.514
5.490	0.514
5.520	0.514
5.550	0.514
5.580	0.515
5.610	0.515
5.640	0.515
5.670	0.515
5.700	0.515
5.730	0.515
5.760	0.515
5.790	0.515
5.820	0.515
5.850	0.514
5.880	0.514
5.910	0.514
5.940	0.513
5.970	0.513
6.000	0.514
6.030	0.514
6.060	0.514
6.090	0.514
6.120	0.514
6.150	0.514
6.180	0.514
6.210	0.514
6.240	0.514
6.270	0.514
6.300	0.514
6.330	0.514
6.360	0.515
6.390	0.515
6.420	0.515
6.450	0.515
6.480	0.515
6.510	0.515
6.540	0.515
6.570	0.515
6.600	0.515
6.630	0.515
6.660	0.515
6.690	0.516
6.720	0.515
6.750	0.515
6.780	0.514
6.810	0.514
6.840	0.514
6.870	0.514
6.900	0.514
6.930	0.514
6.960	0.514
6.990	0.514
7.020	0.515
7.050	0.515
7.080	0.514
7.110	0.514
7.140	0.514
7.170	0.514
7.200	0.514
7.230	0.513
7.260	0.513
7.290	0.513
7.320	0.513
7.350	0.514
7.380	0.514
7.410	0.513
7.440	0.513
7.470	0.513
7.500	0.512
7.530	0.512
7.560	0.512
7.590	0.512
7.620	0.512
7.650	0.513
7.680	0.513
7.710	0.513
7.740	0.513
7.770	0.513
7.800	0.513
7.830	0.513
7.860	0.513
7.890	0.514
7.920	0.514
7.950	0.514
7.980	0.514
8.010	0.514
8.040	0.515
8.070	0.515
8.100	0.515
8.130	0.515
8.160	0.516
8.190	0.516
8.220	0.516
8.250	0.516
8.280	0.516
8.310	0.516
8.340	0.517
8.370	0.517
8.400	0.517
8.430	0.517
8.460	0.517
8.490	0.517
8.520	0.517
8.550	0.517
8.580	0.517
8.610	0.517
8.640	0.517
8.670	0.517
8.700	0.517
8.730	0.517
8.760	0.517
8.790	0.517
8.820	0.517
8.850	0.518
8.880	0.518
8.910	0.518
8.940	0.518
8.970	0.519
9.000	0.519
9.030	0.519
9.060	0.520
9.090	0.520
9.120	0.520
9.150	0.520
9.180	0.519
9.210	0.519
9.240	0.518
9.270	0.518
9.300	0.518
9.330	0.518
9.360	0.517
9.390	0.517
9.420	0.517
9.450	0.517
9.480	0.517
9.510	0.517
9.540	0.517
9.570	0.517
9.600	0.517
9.630	0.517
9.660	0.517
9.690	0.517
9.720	0.517
9.750	0.517
9.780	0.517
9.810	0.517
9.840	0.517
9.870	0.517
9.900	0.517
9.930	0.517
9.960	0.517
9.990	0.517
10.020	0.517
10.050	0.517
10.080	0.517
10.110	0.517
10.140	0.517
10.170	0.517
10.200	0.517
10.230	0.517
10.260	0.517
10.290	0.517
10.320	0.516
10.350	0.516
10.380	0.516
10.410	0.516
10.440	0.516
10.470	0.516
10.500	0.516
10.530	0.516
10.560	0.516
10.590	0.516
10.620	0.516
10.650	0.516
10.680	0.517
10.710	0.517
10.740	0.517
10.770	0.517
10.800	0.516
10.830	0.516
10.860	0.516
10.890	0.516
10.920	0.516
10.950	0.516
10.980	0.516
11.010	0.516
11.040	0.516
11.070	0.516
11.100	0.516
11.130	0.517
11.160	0.516
11.190	0.516
11.220	0.516
11.250	0.516
11.280	0.516
11.310	0.517
11.340	0.517
11.370	0.516
11.400	0.517
11.430	0.517
11.460	0.517
11.490	0.516
11.520	0.517
11.550	0.517
11.580	0.516
11.610	0.516
11.640	0.516
11.670	0.516
11.700	0.516
11.730	0.516
11.760	0.516
11.790	0.516
11.820	0.516
11.850	0.516
11.880	0.516
11.910	0.516
11.940	0.516
11.970	0.516
12.000	0.516
12.030	0.516
12.060	0.516
12.090	0.516
12.120	0.517
12.150	0.517
12.180	0.517
12.210	0.517
12.240	0.517
12.270	0.517
12.300	0.517
12.330	0.517
12.360	0.517
12.390	0.517
12.420	0.517
12.450	0.517
12.480	0.517
12.510	0.517
12.540	0.517
12.570	0.517
12.600	0.517
12.630	0.517
12.660	0.517
12.690	0.517
12.720	0.517
12.750	0.517
12.780	0.517
12.810	0.517
12.840	0.517
12.870	0.517
12.900	0.517
12.930	0.517
12.960	0.517
12.990	0.517
13.020	0.517
13.050	0.517
13.080	0.517
13.110	0.517
13.140	0.517
13.170	0.517
13.200	0.517
13.230	0.517
13.260	0.517
13.290	0.516
13.320	0.517
13.350	0.516
13.380	0.517
13.410	0.517
13.440	0.517
13.470	0.517
13.500	0.517
13.530	0.517
13.560	0.517
13.590	0.517
13.620	0.517
13.650	0.517
13.680	0.517
13.710	0.517
13.740	0.516
13.770	0.516
13.800	0.516
13.830	0.516
13.860	0.516
13.890	0.516
13.920	0.516
13.950	0.516
13.980	0.516
14.010	0.516
14.040	0.516
14.070	0.516
14.100	0.516
14.130	0.516
14.160	0.516
14.190	0.516
14.220	0.517
14.250	0.517
14.280	0.517
14.310	0.517
14.340	0.517
14.370	0.517
14.400	0.516
14.430	0.516
14.460	0.516
14.490	0.516
14.520	0.516
14.550	0.516
14.580	0.516
14.610	0.516
14.640	0.516
14.670	0.516
14.700	0.517
14.730	0.517
14.760	0.517
14.790	0.517
14.820	0.517
14.850	0.517
14.880	0.517
14.910	0.517
14.940	0.518
14.970	0.518
15.000	0.518
15.000	0.518
