0.000	0.543
0.075	0.545
0.150	0.545
0.225	0.545
0.300	0.544
0.375	0.544
0.450	0.544
0.525	0.544
0.600	0.543
0.675	0.543
0.750	0.543
0.825	0.543
0.900	0.543
0.975	0.542
1.050	0.542
1.125	0.542
1.200	0.542
1.275	0.541
1.350	0.541
1.425	0.541
1.500	0.541
1.575	0.540
1.650	0.540
1.725	0.540
1.800	0.540
1.875	0.540
1.950	0.540
2.025	0.540
2.100	0.540
2.175	0.540
2.250	0.540
2.325	0.540
2.400	0.540
2.475	0.540
2.550	0.540
2.625	0.540
2.700	0.540
2.775	0.540
2.850	0.540
2.925	0.540
3.000	0.540
3.075	0.540
3.150	0.540
3.225	0.540
3.300	0.540
3.375	0.540
3.450	0.540
3.525	0.540
3.600	0.540
3.675	0.540
3.750	0.540
3.825	0.540
3.900	0.540
3.975	0.540
4.050	0.540
4.125	0.540
4.200	0.540
4.275	0.540
4.350	0.540
4.425	0.540
4.500	0.540
4.575	0.540
4.650	0.540
4.725	0.540
4.800	0.540
4.875	0.540
4.950	0.540
5.025	0.540
5.100	0.540
5.175	0.540
5.250	0.540
5.325	0.540
5.400	0.540
5.475	0.540
5.550	0.540
5.625	0.540
5.700	0.540
5.775	0.540
5.850	0.540
5.925	0.540
6.000	0.540
6.075	0.540
6.150	0.540
6.225	0.540
6.300	0.540
6.375	0.540
6.450	0.540
6.525	0.540
6.600	0.540
6.675	0.540
6.750	0.541
6.825	0.539
6.900	0.540
6.975	0.540
7.050	0.540
7.125	0.541
7.200	0.540
7.275	0.540
7.350	0.540
7.425	0.540
7.500	0.540
7.575	0.540
7.650	0.540
7.725	0.540
7.800	0.540
7.875	0.540
7.950	0.540
8.025	0.540
8.100	0.540
8.175	0.540
8.250	0.540
8.325	0.540
8.400	0.540
8.475	0.540
8.550	0.540
8.625	0.540
8.700	0.540
8.775	0.540
8.850	0.540
8.925	0.540
9.000	0.540
9.075	0.540
9.150	0.540
9.225	0.540
9.300	0.540
9.375	0.540
9.450	0.540
9.525	0.541
9.600	0.541
9.675	0.541
9.750	0.541
9.825	0.541
9.900	0.541
9.975	0.541
10.050	0.541
10.125	0.541
10.200	0.541
10.275	0.541
10.350	0.541
10.425	0.541
10.500	0.541
10.575	0.541
10.650	0.541
10.725	0.541
10.800	0.541
10.875	0.541
10.950	0.541
11.025	0.541
11.100	0.541
11.175	0.542
11.250	0.542
11.325	0.542
11.400	0.542
11.475	0.542
11.550	0.542
11.625	0.542
11.700	0.543
11.775	0.543
11.850	0.543
11.925	0.543
12.000	0.543
12.075	0.543
12.150	0.543
12.225	0.544
12.300	0.544
12.375	0.544
12.450	0.544
12.525	0.544
12.600	0.544
12.675	0.544
12.750	0.544
12.825	0.544
12.900	0.544
12.975	0.545
13.050	0.545
13.125	0.545
13.200	0.545
13.275	0.545
13.350	0.545
13.425	0.545
13.500	0.545
13.575	0.545
13.650	0.546
13.725	0.546
13.800	0.546
13.875	0.546
13.950	0.546
14.025	0.546
14.100	0.546
14.175	0.546
14.250	0.546
14.325	0.546
14.400	0.546
14.475	0.547
14.550	0.548
14.625	0.548
14.700	0.547
14.775	0.547
14.850	0.548
14.925	0.548
15.000	0.548
