0.000	0.539
0.075	0.544
0.150	0.544
0.225	0.544
0.300	0.544
0.375	0.544
0.450	0.544
0.525	0.544
0.600	0.544
0.675	0.544
0.750	0.544
0.825	0.544
0.900	0.544
0.975	0.544
1.050	0.544
1.125	0.544
1.200	0.545
1.275	0.545
1.350	0.545
1.425	0.545
1.500	0.545
1.575	0.544
1.650	0.543
1.725	0.542
1.800	0.541
1.875	0.540
1.950	0.540
2.025	0.539
2.100	0.538
2.175	0.538
2.250	0.538
2.325	0.537
2.400	0.537
2.475	0.537
2.550	0.536
2.625	0.536
2.700	0.536
2.775	0.536
2.850	0.536
2.925	0.536
3.000	0.536
3.075	0.536
3.150	0.536
3.225	0.536
3.300	0.536
3.375	0.536
3.450	0.536
3.525	0.536
3.600	0.536
3.675	0.535
3.750	0.536
3.825	0.536
3.900	0.536
3.975	0.536
4.050	0.536
4.125	0.536
4.200	0.536
4.275	0.536
4.350	0.536
4.425	0.536
4.500	0.536
4.575	0.536
4.650	0.536
4.725	0.536
4.800	0.536
4.875	0.536
4.950	0.536
5.025	0.536
5.100	0.536
5.175	0.535
5.250	0.536
5.325	0.535
5.400	0.536
5.475	0.536
5.550	0.536
5.625	0.536
5.700	0.536
5.775	0.536
5.850	0.536
5.925	0.536
6.000	0.537
6.075	0.536
6.150	0.536
6.225	0.536
6.300	0.536
6.375	0.536
6.450	0.536
6.525	0.536
6.600	0.536
6.675	0.536
6.750	0.536
6.825	0.536
6.900	0.536
6.975	0.536
7.050	0.536
7.125	0.536
7.200	0.536
7.275	0.536
7.350	0.536
7.425	0.536
7.500	0.536
7.575	0.536
7.650	0.536
7.725	0.536
7.800	0.536
7.875	0.536
7.950	0.536
8.025	0.536
8.100	0.536
8.175	0.536
8.250	0.536
8.325	0.536
8.400	0.536
8.475	0.536
8.550	0.536
8.625	0.536
8.700	0.536
8.775	0.536
8.850	0.536
8.925	0.536
9.000	0.536
9.075	0.536
9.150	0.536
9.225	0.536
9.300	0.536
9.375	0.536
9.450	0.536
9.525	0.536
9.600	0.537
9.675	0.537
9.750	0.537
9.825	0.537
9.900	0.537
9.975	0.537
10.050	0.537
10.125	0.537
10.200	0.537
10.275	0.537
10.350	0.537
10.425	0.537
10.500	0.537
10.575	0.537
10.650	0.537
10.725	0.537
10.800	0.537
10.875	0.537
10.950	0.537
11.025	0.537
11.100	0.537
11.175	0.537
11.250	0.537
11.325	0.537
11.400	0.537
11.475	0.537
11.550	0.537
11.625	0.537
11.700	0.537
11.775	0.538
11.850	0.538
11.925	0.538
12.000	0.538
12.075	0.538
12.150	0.538
12.225	0.538
12.300	0.538
12.375	0.538
12.450	0.538
12.525	0.538
12.600	0.538
12.675	0.538
12.750	0.538
12.825	0.538
12.900	0.539
12.975	0.538
13.050	0.539
13.125	0.539
13.200	0.539
13.275	0.539
13.350	0.539
13.425	0.539
13.500	0.539
13.575	0.539
13.650	0.540
13.725	0.540
13.800	0.540
13.875	0.540
13.950	0.540
14.025	0.540
14.100	0.540
14.175	0.540
14.250	0.541
14.325	0.541
14.400	0.541
14.475	0.541
14.550	0.541
14.625	0.541
14.700	0.541
14.775	0.541
14.850	0.541
14.925	0.541
15.000	0.541
