0.000	0.533
0.075	0.555
0.150	0.556
0.225	0.556
0.300	0.556
0.375	0.556
0.450	0.555
0.525	0.555
0.600	0.554
0.675	0.554
0.750	0.554
0.825	0.553
0.900	0.553
0.975	0.553
1.050	0.553
1.125	0.552
1.200	0.552
1.275	0.552
1.350	0.551
1.425	0.551
1.500	0.550
1.575	0.549
1.650	0.548
1.725	0.547
1.800	0.546
1.875	0.546
1.950	0.545
2.025	0.544
2.100	0.544
2.175	0.543
2.250	0.543
2.325	0.543
2.400	0.543
2.475	0.542
2.550	0.542
2.625	0.542
2.700	0.541
2.775	0.541
2.850	0.540
2.925	0.539
3.000	0.539
3.075	0.539
3.150	0.538
3.225	0.538
3.300	0.538
3.375	0.538
3.450	0.538
3.525	0.538
3.600	0.538
3.675	0.538
3.750	0.537
3.825	0.537
3.900	0.537
3.975	0.537
4.050	0.537
4.125	0.537
4.200	0.537
4.275	0.536
4.350	0.536
4.425	0.536
4.500	0.536
4.575	0.535
4.650	0.535
4.725	0.535
4.800	0.535
4.875	0.535
4.950	0.535
5.025	0.535
5.100	0.535
5.175	0.535
5.250	0.535
5.325	0.535
5.400	0.535
5.475	0.535
5.550	0.534
5.625	0.534
5.700	0.534
5.775	0.534
5.850	0.534
5.925	0.533
6.000	0.533
6.075	0.533
6.150	0.533
6.225	0.532
6.300	0.532
6.375	0.532
6.450	0.532
6.525	0.532
6.600	0.531
6.675	0.531
6.750	0.531
6.825	0.531
6.900	0.531
6.975	0.532
7.050	0.532
7.125	0.531
7.200	0.532
7.275	0.532
7.350	0.531
7.425	0.531
7.500	0.532
7.575	0.532
7.650	0.532
7.725	0.532
7.800	0.531
7.875	0.531
7.950	0.531
8.025	0.531
8.100	0.531
8.175	0.531
8.250	0.531
8.325	0.531
8.400	0.531
8.475	0.531
8.550	0.531
8.625	0.531
8.700	0.531
8.775	0.531
8.850	0.531
8.925	0.531
9.000	0.531
9.075	0.531
9.150	0.531
9.225	0.531
9.300	0.531
9.375	0.531
9.450	0.531
9.525	0.531
9.600	0.531
9.675	0.532
9.750	0.532
9.825	0.532
9.900	0.532
9.975	0.532
10.050	0.532
10.125	0.532
10.200	0.532
10.275	0.532
10.350	0.532
10.425	0.532
10.500	0.532
10.575	0.532
10.650	0.532
10.725	0.532
10.800	0.532
10.875	0.532
10.950	0.532
11.025	0.532
11.100	0.532
11.175	0.532
11.250	0.532
11.325	0.532
11.400	0.531
11.475	0.531
11.550	0.531
11.625	0.530
11.700	0.530
11.775	0.529
11.850	0.529
11.925	0.529
12.000	0.528
12.075	0.528
12.150	0.528
12.225	0.528
12.300	0.529
12.375	0.529
12.450	0.529
12.525	0.530
12.600	0.530
12.675	0.530
12.750	0.531
12.825	0.531
12.900	0.531
12.975	0.531
13.050	0.531
13.125	0.531
13.200	0.531
13.275	0.531
13.350	0.531
13.425	0.531
13.500	0.531
13.575	0.531
13.650	0.531
13.725	0.531
13.800	0.531
13.875	0.531
13.950	0.531
14.025	0.531
14.100	0.531
14.175	0.531
14.250	0.531
14.325	0.532
14.400	0.532
14.475	0.532
14.550	0.532
14.625	0.533
14.700	0.533
14.775	0.533
14.850	0.533
14.925	0.533
15.000	0.533
