0.000	0.518
0.075	0.519
0.150	0.518
0.225	0.518
0.300	0.518
0.375	0.519
0.450	0.519
0.525	0.520
0.600	0.521
0.675	0.521
0.750	0.522
0.825	0.523
0.900	0.524
0.975	0.525
1.050	0.527
1.125	0.529
1.200	0.531
1.275	0.529
1.350	0.526
1.425	0.523
1.500	0.522
1.575	0.522
1.650	0.523
1.725	0.523
1.800	0.523
1.875	0.522
1.950	0.520
2.025	0.519
2.100	0.518
2.175	0.517
2.250	0.516
2.325	0.515
2.400	0.514
2.475	0.513
2.550	0.513
2.625	0.513
2.700	0.514
2.775	0.515
2.850	0.515
2.925	0.515
3.000	0.515
3.075	0.514
3.150	0.514
3.225	0.514
3.300	0.514
3.375	0.514
3.450	0.514
3.525	0.514
3.600	0.514
3.675	0.514
3.750	0.514
3.825	0.514
3.900	0.514
3.975	0.514
4.050	0.514
4.125	0.514
4.200	0.514
4.275	0.514
4.350	0.514
4.425	0.515
4.500	0.515
4.575	0.516
4.650	0.517
4.725	0.519
4.800	0.519
4.875	0.518
4.950	0.517
5.025	0.517
5.100	0.517
5.175	0.516
5.250	0.516
5.325	0.516
5.400	0.517
5.475	0.517
5.550	0.518
5.625	0.518
5.700	0.519
5.775	0.520
5.850	0.520
5.925	0.520
6.000	0.520
6.075	0.520
6.150	0.520
6.225	0.520
6.300	0.519
6.375	0.518
6.450	0.517
6.525	0.517
6.600	0.517
6.675	0.517
6.750	0.517
6.825	0.517
6.900	0.517
6.975	0.516
7.050	0.516
7.125	0.516
7.200	0.516
7.275	0.517
7.350	0.517
7.425	0.517
7.500	0.517
7.575	0.517
7.650	0.518
7.725	0.518
7.800	0.518
7.875	0.517
7.950	0.517
8.025	0.517
8.100	0.517
8.175	0.517
8.250	0.517
8.325	0.518
8.400	0.518
8.475	0.518
8.550	0.519
8.625	0.518
8.700	0.519
8.775	0.518
8.850	0.519
8.925	0.519
9.000	0.519
9.075	0.518
9.150	0.518
9.225	0.519
9.300	0.520
9.375	0.520
9.450	0.519
9.525	0.520
9.600	0.520
9.675	0.520
9.750	0.520
9.825	0.520
9.900	0.520
9.975	0.520
10.050	0.519
10.125	0.519
10.200	0.519
10.275	0.519
10.350	0.519
10.425	0.519
10.500	0.519
10.575	0.519
10.650	0.519
10.725	0.519
10.800	0.519
10.875	0.519
10.950	0.519
11.025	0.519
11.100	0.519
11.175	0.519
11.250	0.519
11.325	0.519
11.400	0.519
11.475	0.519
11.550	0.520
11.625	0.520
11.700	0.520
11.775	0.520
11.850	0.520
11.925	0.520
12.000	0.520
12.075	0.520
12.150	0.520
12.225	0.520
12.300	0.520
12.375	0.520
12.450	0.520
12.525	0.520
12.600	0.520
12.675	0.520
12.750	0.520
12.825	0.520
12.900	0.520
12.975	0.520
13.050	0.520
13.125	0.520
13.200	0.520
13.275	0.520
13.350	0.520
13.425	0.520
13.500	0.520
13.575	0.520
13.650	0.520
13.725	0.521
13.800	0.521
13.875	0.521
13.950	0.521
14.025	0.521
14.100	0.521
14.175	0.521
14.250	0.521
14.325	0.521
14.400	0.521
14.475	0.521
14.550	0.522
14.625	0.522
14.700	0.522
14.775	0.522
14.850	0.522
14.925	0.522
15.000	0.522
