0.000000	0.538033
0.050000	0.542582
0.100000	0.543097
0.150000	0.543217
0.200000	0.543236
0.250000	0.543049
0.300000	0.542908
0.350000	0.542728
0.400000	0.542556
0.450000	0.542385
0.500000	0.542257
0.550000	0.542003
0.600000	0.542013
0.650000	0.541783
0.700000	0.541622
0.750000	0.541451
0.800000	0.541339
0.850000	0.541216
0.900000	0.541075
0.950000	0.540918
1.000000	0.540738
1.050000	0.540576
1.100000	0.540394
1.150000	0.540231
1.200000	0.539976
1.250000	0.539823
1.300000	0.539616
1.350000	0.539286
1.400000	0.538975
1.450000	0.538638
1.500000	0.538290
1.550000	0.537995
1.600000	0.537673
1.650000	0.537402
1.700000	0.537216
1.750000	0.537025
1.800000	0.536866
1.850000	0.536828
1.900000	0.536761
1.950000	0.536669
2.000000	0.536624
2.050000	0.536667
2.100000	0.536728
2.150000	0.536757
2.200000	0.536797
2.250000	0.536856
2.300000	0.536802
2.350000	0.536920
2.400000	0.536950
2.450000	0.536953
2.500000	0.537039
2.550000	0.537073
2.600000	0.537076
2.650000	0.537067
2.700000	0.537076
2.750000	0.537111
2.800000	0.537073
2.850000	0.537071
2.900000	0.537085
2.950000	0.537122
3.000000	0.537201
3.050000	0.537195
3.100000	0.537254
3.150000	0.537285
3.200000	0.537311
3.250000	0.537170
3.300000	0.537244
3.350000	0.537282
3.400000	0.537315
3.450000	0.537305
3.500000	0.537336
3.550000	0.537346
3.600000	0.537303
3.650000	0.537308
3.700000	0.537277
3.750000	0.537293
3.800000	0.537389
3.850000	0.537353
3.900000	0.537385
3.950000	0.537358
4.000000	0.537339
4.050000	0.537311
4.100000	0.537348
4.150000	0.537351
4.200000	0.537349
4.250000	0.537353
4.300000	0.537376
4.350000	0.537361
4.400000	0.537333
4.450000	0.537330
4.500000	0.537277
4.550000	0.537214
4.600000	0.537177
4.650000	0.537164
4.700000	0.537104
4.750000	0.537188
4.800000	0.537242
4.850000	0.537325
4.900000	0.537330
4.950000	0.537303
5.000000	0.537195
5.050000	0.537288
5.100000	0.537193
5.150000	0.537214
5.200000	0.537313
5.250000	0.537280
5.300000	0.537287
5.350000	0.537344
5.400000	0.537213
5.450000	0.537224
5.500000	0.537168
5.550000	0.537210
5.600000	0.537167
5.650000	0.537165
5.700000	0.537055
5.750000	0.537180
5.800000	0.536840
5.850000	0.536889
5.900000	0.537149
5.950000	0.537101
6.000000	0.537831
6.050000	0.537548
6.100000	0.536979
6.150000	0.537224
6.200000	0.537085
6.250000	0.537022
6.300000	0.536979
6.350000	0.537137
6.400000	0.537285
6.450000	0.537231
6.500000	0.537254
6.550000	0.537205
6.600000	0.537210
6.650000	0.537175
6.700000	0.537191
6.750000	0.537205
6.800000	0.537170
6.850000	0.537160
6.900000	0.537247
6.950000	0.537279
7.000000	0.537382
7.050000	0.537558
7.100000	0.537617
7.150000	0.537635
7.200000	0.537602
7.250000	0.537639
7.300000	0.537570
7.350000	0.537501
7.400000	0.537367
7.450000	0.537326
7.500000	0.537318
7.550000	0.537292
7.600000	0.537274
7.650000	0.537333
7.700000	0.537325
7.750000	0.537390
7.800000	0.537433
7.850000	0.537548
7.900000	0.537622
7.950000	0.537542
8.000000	0.537598
8.050000	0.537542
8.100000	0.537550
8.150000	0.537570
8.200000	0.537548
8.250000	0.537581
8.300000	0.537558
8.350000	0.537487
8.400000	0.537484
8.450000	0.537430
8.500000	0.537491
8.550000	0.537496
8.600000	0.537420
8.650000	0.537433
8.700000	0.537459
8.750000	0.537351
8.800000	0.537343
8.850000	0.537338
8.900000	0.537279
8.950000	0.537344
9.000000	0.537364
9.050000	0.537367
9.100000	0.537377
9.150000	0.537528
9.200000	0.537504
9.250000	0.537588
9.300000	0.537658
9.350000	0.537698
9.400000	0.537862
9.450000	0.537874
9.500000	0.538018
9.550000	0.537977
9.600000	0.538102
9.650000	0.538135
9.700000	0.538178
9.750000	0.538189
9.800000	0.538196
9.850000	0.538180
9.900000	0.538263
9.950000	0.538240
10.000000	0.538230
10.050000	0.538272
10.100000	0.538188
10.150000	0.538352
10.200000	0.538318
10.250000	0.538370
10.300000	0.538250
10.350000	0.538342
10.400000	0.538482
10.450000	0.538502
10.500000	0.538591
10.550000	0.538591
10.600000	0.538627
10.650000	0.538630
10.700000	0.538735
10.750000	0.538799
10.800000	0.538821
10.850000	0.538842
10.900000	0.538928
10.950000	0.539044
11.000000	0.538988
11.050000	0.539025
11.100000	0.539108
11.150000	0.539117
11.200000	0.539278
11.250000	0.539237
11.300000	0.539302
11.350000	0.539468
11.400000	0.539449
11.450000	0.539542
11.500000	0.539664
11.550000	0.539848
11.600000	0.539937
11.650000	0.540034
11.700000	0.540059
11.750000	0.540244
11.800000	0.540348
11.850000	0.540346
11.900000	0.540525
11.950000	0.540604
12.000000	0.540591
12.050000	0.540859
12.100000	0.540887
12.150000	0.540964
12.200000	0.541117
12.250000	0.541292
12.300000	0.541265
12.350000	0.541318
12.400000	0.541379
12.450000	0.541453
12.500000	0.541663
12.550000	0.541655
12.600000	0.541688
12.650000	0.541839
12.700000	0.541869
12.750000	0.541994
12.800000	0.542061
12.850000	0.542143
12.900000	0.542188
12.950000	0.542270
13.000000	0.542266
13.050000	0.542329
13.100000	0.542342
13.150000	0.542613
13.200000	0.542597
13.250000	0.542712
13.300000	0.542802
13.350000	0.542755
13.400000	0.542954
13.450000	0.542819
13.500000	0.543010
13.550000	0.543033
13.600000	0.543161
13.650000	0.543177
13.700000	0.543299
13.750000	0.543281
13.800000	0.543374
13.850000	0.543534
13.900000	0.543564
13.950000	0.543618
14.000000	0.543769
14.050000	0.543887
14.100000	0.544048
14.150000	0.544040
14.200000	0.544012
14.250000	0.544249
14.300000	0.544303
14.350000	0.544468
14.400000	0.544527
14.450000	0.544611
14.500000	0.544803
14.550000	0.544889
14.600000	0.544949
14.650000	0.544969
14.700000	0.545173
14.750000	0.545137
14.800000	0.545267
14.850000	0.545367
14.900000	0.545466
14.950000	0.545559
15.000000	0.545679
15.000000	0.545714
