0.000000	0.534566
0.050000	0.542367
0.100000	0.542557
0.150000	0.542664
0.200000	0.542689
0.250000	0.542567
0.300000	0.542340
0.350000	0.542631
0.400000	0.542664
0.450000	0.542222
0.500000	0.542140
0.550000	0.542261
0.600000	0.542155
0.650000	0.541974
0.700000	0.542641
0.750000	0.541716
0.800000	0.542452
0.850000	0.542529
0.900000	0.542618
0.950000	0.542702
1.000000	0.542120
1.050000	0.542329
1.100000	0.542483
1.150000	0.542363
1.200000	0.542401
1.250000	0.542520
1.300000	0.542719
1.350000	0.542970
1.400000	0.543254
1.450000	0.543328
1.500000	0.542894
1.550000	0.542160
1.600000	0.541242
1.650000	0.540420
1.700000	0.539725
1.750000	0.539205
1.800000	0.538742
1.850000	0.538341
1.900000	0.537816
1.950000	0.537298
2.000000	0.536915
2.050000	0.536590
2.100000	0.536289
2.150000	0.536042
2.200000	0.535723
2.250000	0.535357
2.300000	0.535051
2.350000	0.534926
2.400000	0.534765
2.450000	0.534602
2.500000	0.534541
2.550000	0.534379
2.600000	0.534338
2.650000	0.534199
2.700000	0.534270
2.750000	0.534310
2.800000	0.534250
2.850000	0.534245
2.900000	0.534319
2.950000	0.534236
3.000000	0.534245
3.050000	0.534287
3.100000	0.534079
3.150000	0.534142
3.200000	0.534020
3.250000	0.533986
3.300000	0.533904
3.350000	0.533830
3.400000	0.533695
3.450000	0.533683
3.500000	0.533601
3.550000	0.533603
3.600000	0.533604
3.650000	0.533608
3.700000	0.533608
3.750000	0.533655
3.800000	0.533682
3.850000	0.533726
3.900000	0.533767
3.950000	0.533759
4.000000	0.533788
4.050000	0.533838
4.100000	0.533897
4.150000	0.533900
4.200000	0.533912
4.250000	0.533964
4.300000	0.533979
4.350000	0.533882
4.400000	0.533935
4.450000	0.533968
4.500000	0.534073
4.550000	0.533897
4.600000	0.533933
4.650000	0.533958
4.700000	0.533931
4.750000	0.533915
4.800000	0.533881
4.850000	0.533828
4.900000	0.533769
4.950000	0.533765
5.000000	0.533736
5.050000	0.533662
5.100000	0.533606
5.150000	0.533571
5.200000	0.533586
5.250000	0.533545
5.300000	0.533499
5.350000	0.533548
5.400000	0.533545
5.450000	0.533606
5.500000	0.533695
5.550000	0.533777
5.600000	0.533907
5.650000	0.533987
5.700000	0.534119
5.750000	0.534167
5.800000	0.534273
5.850000	0.534441
5.900000	0.534431
5.950000	0.534522
6.000000	0.534522
6.050000	0.534533
6.100000	0.534579
6.150000	0.534527
6.200000	0.534523
6.250000	0.534499
6.300000	0.534502
6.350000	0.534467
6.400000	0.534518
6.450000	0.534477
6.500000	0.534397
6.550000	0.534389
6.600000	0.534431
6.650000	0.534341
6.700000	0.534324
6.750000	0.534285
6.800000	0.534305
6.850000	0.534288
6.900000	0.534277
6.950000	0.534264
7.000000	0.534242
7.050000	0.534245
7.100000	0.534222
7.150000	0.534190
7.200000	0.534209
7.250000	0.534203
7.300000	0.534226
7.350000	0.534222
7.400000	0.534231
7.450000	0.534244
7.500000	0.534231
7.550000	0.534306
7.600000	0.534075
7.650000	0.534426
7.700000	0.534280
7.750000	0.534244
7.800000	0.534242
7.850000	0.534334
7.900000	0.534321
7.950000	0.534369
8.000000	0.534351
8.050000	0.534333
8.100000	0.534333
8.150000	0.534389
8.200000	0.534451
8.250000	0.534438
8.300000	0.534423
8.350000	0.534436
8.400000	0.534397
8.450000	0.534416
8.500000	0.534433
8.550000	0.534413
8.600000	0.534425
8.650000	0.534357
8.700000	0.534160
8.750000	0.534236
8.800000	0.534181
8.850000	0.534083
8.900000	0.534089
8.950000	0.534098
9.000000	0.534089
9.050000	0.534153
9.100000	0.534134
9.150000	0.534214
9.200000	0.534242
9.250000	0.534204
9.300000	0.534433
9.350000	0.534515
9.400000	0.534573
9.450000	0.534661
9.500000	0.534804
9.550000	0.534915
9.600000	0.535033
9.650000	0.535127
9.700000	0.535234
9.750000	0.535354
9.800000	0.535424
9.850000	0.535451
9.900000	0.535487
9.950000	0.535513
10.000000	0.535521
10.050000	0.535559
10.100000	0.535544
10.150000	0.535607
10.200000	0.535564
10.250000	0.535577
10.300000	0.535566
10.350000	0.535541
10.400000	0.535511
10.450000	0.535451
10.500000	0.535403
10.550000	0.535345
10.600000	0.535298
10.650000	0.535331
10.700000	0.535260
10.750000	0.535217
10.800000	0.535273
10.850000	0.535311
10.900000	0.535306
10.950000	0.535326
11.000000	0.535390
11.050000	0.535340
11.100000	0.535434
11.150000	0.535381
11.200000	0.535383
11.250000	0.535414
11.300000	0.535454
11.350000	0.535358
11.400000	0.535432
11.450000	0.535467
11.500000	0.535457
11.550000	0.535546
11.600000	0.535495
11.650000	0.535605
11.700000	0.535677
11.750000	0.535727
11.800000	0.535811
11.850000	0.535866
11.900000	0.535837
11.950000	0.535857
12.000000	0.535894
12.050000	0.535921
12.100000	0.535945
12.150000	0.536000
12.200000	0.535996
12.250000	0.536011
12.300000	0.536047
12.350000	0.536041
12.400000	0.536051
12.450000	0.536139
12.500000	0.536195
12.550000	0.536207
12.600000	0.536236
12.650000	0.536335
12.700000	0.536384
12.750000	0.536376
12.800000	0.536499
12.850000	0.536616
12.900000	0.536633
12.950000	0.536749
13.000000	0.536738
13.050000	0.536861
13.100000	0.536915
13.150000	0.536981
13.200000	0.537080
13.250000	0.537091
13.300000	0.537201
13.350000	0.537213
13.400000	0.537366
13.450000	0.537341
13.500000	0.537443
13.550000	0.537731
13.600000	0.537739
13.650000	0.537667
13.700000	0.537939
13.750000	0.538129
13.800000	0.538030
13.850000	0.538119
13.900000	0.538273
13.950000	0.538298
14.000000	0.538456
14.050000	0.538523
14.100000	0.538630
14.150000	0.538752
14.200000	0.538881
14.250000	0.538909
14.300000	0.539018
14.350000	0.539172
14.400000	0.539251
14.450000	0.539269
14.500000	0.539424
14.550000	0.539406
14.600000	0.539509
14.650000	0.539516
14.700000	0.539623
14.750000	0.539618
14.800000	0.539613
14.850000	0.539605
14.900000	0.539667
14.950000	0.539654
15.000000	0.539659
15.000000	0.539666
