0.000000	0.531221
0.050000	0.554863
0.100000	0.555729
0.150000	0.555847
0.200000	0.555966
0.250000	0.555816
0.300000	0.555625
0.350000	0.555428
0.400000	0.555104
0.450000	0.555002
0.500000	0.554764
0.550000	0.554596
0.600000	0.554358
0.650000	0.554067
0.700000	0.553917
0.750000	0.553567
0.800000	0.553334
0.850000	0.553164
0.900000	0.552893
0.950000	0.552752
1.000000	0.552630
1.050000	0.552286
1.100000	0.552066
1.150000	0.551774
1.200000	0.551525
1.250000	0.551165
1.300000	0.550855
1.350000	0.550518
1.400000	0.550028
1.450000	0.549689
1.500000	0.549010
1.550000	0.548357
1.600000	0.547631
1.650000	0.546993
1.700000	0.546371
1.750000	0.545814
1.800000	0.545168
1.850000	0.544575
1.900000	0.544078
1.950000	0.543522
2.000000	0.543083
2.050000	0.542636
2.100000	0.542204
2.150000	0.541775
2.200000	0.541568
2.250000	0.541474
2.300000	0.541421
2.350000	0.541341
2.400000	0.541185
2.450000	0.540925
2.500000	0.540815
2.550000	0.540412
2.600000	0.540221
2.650000	0.539799
2.700000	0.539532
2.750000	0.539146
2.800000	0.538932
2.850000	0.538622
2.900000	0.538206
2.950000	0.537939
3.000000	0.537676
3.050000	0.537384
3.100000	0.537182
3.150000	0.536836
3.200000	0.536575
3.250000	0.536509
3.300000	0.536189
3.350000	0.536271
3.400000	0.536182
3.450000	0.535990
3.500000	0.535982
3.550000	0.536013
3.600000	0.536064
3.650000	0.535983
3.700000	0.535949
3.750000	0.535921
3.800000	0.535786
3.850000	0.535651
3.900000	0.535636
3.950000	0.535572
4.000000	0.535398
4.050000	0.535365
4.100000	0.535036
4.150000	0.534979
4.200000	0.534921
4.250000	0.534847
4.300000	0.534647
4.350000	0.534395
4.400000	0.534405
4.450000	0.534050
4.500000	0.534051
4.550000	0.533742
4.600000	0.533644
4.650000	0.533524
4.700000	0.533486
4.750000	0.533470
4.800000	0.533402
4.850000	0.533354
4.900000	0.533364
4.950000	0.533310
5.000000	0.533478
5.050000	0.533399
5.100000	0.533164
5.150000	0.533095
5.200000	0.533325
5.250000	0.533215
5.300000	0.533083
5.350000	0.533008
5.400000	0.532958
5.450000	0.532817
5.500000	0.532807
5.550000	0.532675
5.600000	0.532562
5.650000	0.532462
5.700000	0.532182
5.750000	0.532131
5.800000	0.531946
5.850000	0.531747
5.900000	0.531497
5.950000	0.531334
6.000000	0.531125
6.050000	0.530857
6.100000	0.530673
6.150000	0.530543
6.200000	0.530357
6.250000	0.530290
6.300000	0.530109
6.350000	0.530080
6.400000	0.529932
6.450000	0.529774
6.500000	0.529710
6.550000	0.529677
6.600000	0.529702
6.650000	0.529598
6.700000	0.529583
6.750000	0.529683
6.800000	0.529629
6.850000	0.529596
6.900000	0.529670
6.950000	0.529586
7.000000	0.529588
7.050000	0.529649
7.100000	0.529703
7.150000	0.529646
7.200000	0.529614
7.250000	0.529641
7.300000	0.529713
7.350000	0.529718
7.400000	0.529738
7.450000	0.529776
7.500000	0.529619
7.550000	0.529935
7.600000	0.529830
7.650000	0.529792
7.700000	0.529942
7.750000	0.529808
7.800000	0.529845
7.850000	0.529651
7.900000	0.529619
7.950000	0.529503
8.000000	0.529396
8.050000	0.529465
8.100000	0.529455
8.150000	0.529450
8.200000	0.529549
8.250000	0.529417
8.300000	0.529373
8.350000	0.529343
8.400000	0.529259
8.450000	0.529177
8.500000	0.529180
8.550000	0.529180
8.600000	0.529190
8.650000	0.529139
8.700000	0.529213
8.750000	0.529225
8.800000	0.529184
8.850000	0.529226
8.900000	0.529195
8.950000	0.529203
9.000000	0.529185
9.050000	0.529156
9.100000	0.529187
9.150000	0.529195
9.200000	0.529161
9.250000	0.529159
9.300000	0.529031
9.350000	0.529276
9.400000	0.529256
9.450000	0.529300
9.500000	0.529365
9.550000	0.529437
9.600000	0.529519
9.650000	0.529664
9.700000	0.529720
9.750000	0.529894
9.800000	0.529961
9.850000	0.530062
9.900000	0.530104
9.950000	0.530178
10.000000	0.530265
10.050000	0.530150
10.100000	0.530122
10.150000	0.530096
10.200000	0.529993
10.250000	0.530029
10.300000	0.530050
10.350000	0.529984
10.400000	0.529968
10.450000	0.529933
10.500000	0.529907
10.550000	0.529889
10.600000	0.529851
10.650000	0.529873
10.700000	0.529833
10.750000	0.529928
10.800000	0.530009
10.850000	0.530002
10.900000	0.530122
10.950000	0.530211
11.000000	0.530270
11.050000	0.530270
11.100000	0.530292
11.150000	0.530213
11.200000	0.530205
11.250000	0.530070
11.300000	0.529879
11.350000	0.529682
11.400000	0.529480
11.450000	0.529289
11.500000	0.528973
11.550000	0.528738
11.600000	0.528452
11.650000	0.528100
11.700000	0.527778
11.750000	0.527400
11.800000	0.527028
11.850000	0.526856
11.900000	0.526598
11.950000	0.526624
12.000000	0.526446
12.050000	0.526374
12.100000	0.526451
12.150000	0.526519
12.200000	0.526506
12.250000	0.526614
12.300000	0.526627
12.350000	0.526734
12.400000	0.527079
12.450000	0.527104
12.500000	0.527571
12.550000	0.527481
12.600000	0.528123
12.650000	0.528339
12.700000	0.528426
12.750000	0.528566
12.800000	0.528847
12.850000	0.528975
12.900000	0.529151
12.950000	0.529240
13.000000	0.529309
13.050000	0.529406
13.100000	0.529508
13.150000	0.529522
13.200000	0.529575
13.250000	0.529407
13.300000	0.529614
13.350000	0.529550
13.400000	0.529384
13.450000	0.529363
13.500000	0.529208
13.550000	0.529108
13.600000	0.529085
13.650000	0.529009
13.700000	0.528880
13.750000	0.528881
13.800000	0.528878
13.850000	0.528899
13.900000	0.528958
13.950000	0.528981
14.000000	0.528986
14.050000	0.529019
14.100000	0.529146
14.150000	0.529243
14.200000	0.529309
14.250000	0.529506
14.300000	0.529608
14.350000	0.529858
14.400000	0.529988
14.450000	0.530295
14.500000	0.530430
14.550000	0.530596
14.600000	0.530734
14.650000	0.530808
14.700000	0.530931
14.750000	0.530995
14.800000	0.531036
14.850000	0.531055
14.900000	0.531104
14.950000	0.531068
15.000000	0.531074
15.000000	0.531048
