0.000	0.543
0.075	0.542
0.150	0.542
0.225	0.542
0.300	0.542
0.375	0.542
0.450	0.542
0.525	0.542
0.600	0.542
0.675	0.542
0.750	0.542
0.825	0.541
0.900	0.541
0.975	0.541
1.050	0.541
1.125	0.541
1.200	0.541
1.275	0.541
1.350	0.541
1.425	0.541
1.500	0.541
1.575	0.541
1.650	0.541
1.725	0.541
1.800	0.541
1.875	0.541
1.950	0.541
2.025	0.541
2.100	0.541
2.175	0.541
2.250	0.541
2.325	0.541
2.400	0.541
2.475	0.541
2.550	0.541
2.625	0.541
2.700	0.541
2.775	0.541
2.850	0.541
2.925	0.541
3.000	0.541
3.075	0.541
3.150	0.541
3.225	0.540
3.300	0.540
3.375	0.540
3.450	0.540
3.525	0.540
3.600	0.540
3.675	0.540
3.750	0.540
3.825	0.540
3.900	0.540
3.975	0.540
4.050	0.540
4.125	0.540
4.200	0.540
4.275	0.540
4.350	0.540
4.425	0.540
4.500	0.540
4.575	0.540
4.650	0.540
4.725	0.540
4.800	0.540
4.875	0.540
4.950	0.540
5.025	0.540
5.100	0.540
5.175	0.540
5.250	0.539
5.325	0.539
5.400	0.540
5.475	0.540
5.550	0.540
5.625	0.540
5.700	0.540
5.775	0.540
5.850	0.540
5.925	0.540
6.000	0.540
6.075	0.540
6.150	0.540
6.225	0.540
6.300	0.540
6.375	0.540
6.450	0.540
6.525	0.540
6.600	0.540
6.675	0.540
6.750	0.541
6.825	0.540
6.900	0.540
6.975	0.541
7.050	0.541
7.125	0.541
7.200	0.541
7.275	0.541
7.350	0.541
7.425	0.541
7.500	0.542
7.575	0.542
7.650	0.542
7.725	0.542
7.800	0.542
7.875	0.542
7.950	0.542
8.025	0.542
8.100	0.542
8.175	0.543
8.250	0.543
8.325	0.543
8.400	0.543
8.475	0.543
8.550	0.543
8.625	0.543
8.700	0.544
8.775	0.544
8.850	0.544
8.925	0.544
9.000	0.544
9.075	0.544
9.150	0.544
9.225	0.544
9.300	0.544
9.375	0.544
9.450	0.544
9.525	0.545
9.600	0.545
9.675	0.545
9.750	0.546
9.825	0.546
9.900	0.546
9.975	0.546
10.050	0.546
10.125	0.546
10.200	0.546
10.275	0.546
10.350	0.547
10.425	0.547
10.500	0.547
10.575	0.548
10.650	0.548
10.725	0.549
10.800	0.549
10.875	0.549
10.950	0.549
11.025	0.549
11.100	0.549
11.175	0.549
11.250	0.550
11.325	0.550
11.400	0.550
11.475	0.550
11.550	0.550
11.625	0.551
11.700	0.551
11.775	0.551
11.850	0.552
11.925	0.552
12.000	0.552
12.075	0.552
12.150	0.553
12.225	0.553
12.300	0.553
12.375	0.553
12.450	0.553
12.525	0.553
12.600	0.553
12.675	0.554
12.750	0.554
12.825	0.554
12.900	0.554
12.975	0.555
13.050	0.555
13.125	0.556
13.200	0.556
13.275	0.556
13.350	0.556
13.425	0.557
13.500	0.557
13.575	0.557
13.650	0.557
13.725	0.558
13.800	0.558
13.875	0.558
13.950	0.558
14.025	0.558
14.100	0.558
14.175	0.559
14.250	0.559
14.325	0.559
14.400	0.559
14.475	0.559
14.550	0.559
14.625	0.560
14.700	0.560
14.775	0.560
14.850	0.560
14.925	0.560
15.000	0.560
