0.000	0.539
0.075	0.552
0.150	0.553
0.225	0.553
0.300	0.553
0.375	0.552
0.450	0.552
0.525	0.551
0.600	0.551
0.675	0.551
0.750	0.550
0.825	0.550
0.900	0.549
0.975	0.549
1.050	0.549
1.125	0.548
1.200	0.548
1.275	0.547
1.350	0.546
1.425	0.545
1.500	0.544
1.575	0.543
1.650	0.542
1.725	0.541
1.800	0.541
1.875	0.540
1.950	0.540
2.025	0.540
2.100	0.539
2.175	0.539
2.250	0.539
2.325	0.539
2.400	0.539
2.475	0.539
2.550	0.539
2.625	0.538
2.700	0.538
2.775	0.538
2.850	0.538
2.925	0.538
3.000	0.538
3.075	0.538
3.150	0.538
3.225	0.538
3.300	0.538
3.375	0.538
3.450	0.538
3.525	0.538
3.600	0.538
3.675	0.538
3.750	0.537
3.825	0.537
3.900	0.537
3.975	0.537
4.050	0.537
4.125	0.537
4.200	0.537
4.275	0.537
4.350	0.537
4.425	0.537
4.500	0.537
4.575	0.536
4.650	0.536
4.725	0.536
4.800	0.536
4.875	0.536
4.950	0.537
5.025	0.536
5.100	0.536
5.175	0.536
5.250	0.536
5.325	0.536
5.400	0.536
5.475	0.536
5.550	0.536
5.625	0.536
5.700	0.536
5.775	0.536
5.850	0.536
5.925	0.536
6.000	0.535
6.075	0.535
6.150	0.536
6.225	0.536
6.300	0.536
6.375	0.536
6.450	0.535
6.525	0.535
6.600	0.535
6.675	0.535
6.750	0.536
6.825	0.536
6.900	0.536
6.975	0.536
7.050	0.536
7.125	0.536
7.200	0.536
7.275	0.536
7.350	0.536
7.425	0.536
7.500	0.537
7.575	0.537
7.650	0.537
7.725	0.537
7.800	0.537
7.875	0.537
7.950	0.537
8.025	0.537
8.100	0.537
8.175	0.538
8.250	0.538
8.325	0.538
8.400	0.538
8.475	0.538
8.550	0.538
8.625	0.538
8.700	0.538
8.775	0.538
8.850	0.538
8.925	0.538
9.000	0.539
9.075	0.539
9.150	0.539
9.225	0.539
9.300	0.539
9.375	0.539
9.450	0.539
9.525	0.540
9.600	0.540
9.675	0.540
9.750	0.540
9.825	0.541
9.900	0.541
9.975	0.542
10.050	0.542
10.125	0.542
10.200	0.542
10.275	0.542
10.350	0.542
10.425	0.542
10.500	0.543
10.575	0.543
10.650	0.543
10.725	0.543
10.800	0.543
10.875	0.543
10.950	0.543
11.025	0.544
11.100	0.544
11.175	0.544
11.250	0.544
11.325	0.545
11.400	0.545
11.475	0.545
11.550	0.546
11.625	0.546
11.700	0.546
11.775	0.546
11.850	0.546
11.925	0.546
12.000	0.547
12.075	0.547
12.150	0.547
12.225	0.547
12.300	0.547
12.375	0.547
12.450	0.547
12.525	0.547
12.600	0.547
12.675	0.548
12.750	0.548
12.825	0.548
12.900	0.548
12.975	0.548
13.050	0.548
13.125	0.548
13.200	0.549
13.275	0.549
13.350	0.549
13.425	0.549
13.500	0.549
13.575	0.550
13.650	0.549
13.725	0.549
13.800	0.549
13.875	0.549
13.950	0.549
14.025	0.549
14.100	0.549
14.175	0.549
14.250	0.548
14.325	0.548
14.400	0.548
14.475	0.548
14.550	0.548
14.625	0.548
14.700	0.548
14.775	0.548
14.850	0.548
14.925	0.548
15.000	0.548
