0.000	0.536
0.075	0.550
0.150	0.551
0.225	0.551
0.300	0.551
0.375	0.551
0.450	0.550
0.525	0.550
0.600	0.550
0.675	0.550
0.750	0.550
0.825	0.550
0.900	0.549
0.975	0.549
1.050	0.549
1.125	0.548
1.200	0.549
1.275	0.548
1.350	0.548
1.425	0.548
1.500	0.547
1.575	0.546
1.650	0.546
1.725	0.546
1.800	0.545
1.875	0.545
1.950	0.544
2.025	0.543
2.100	0.543
2.175	0.543
2.250	0.542
2.325	0.542
2.400	0.542
2.475	0.542
2.550	0.542
2.625	0.542
2.700	0.542
2.775	0.542
2.850	0.543
2.925	0.543
3.000	0.542
3.075	0.542
3.150	0.541
3.225	0.541
3.300	0.540
3.375	0.540
3.450	0.540
3.525	0.540
3.600	0.541
3.675	0.540
3.750	0.540
3.825	0.540
3.900	0.540
3.975	0.540
4.050	0.540
4.125	0.540
4.200	0.540
4.275	0.540
4.350	0.541
4.425	0.541
4.500	0.541
4.575	0.541
4.650	0.542
4.725	0.541
4.800	0.541
4.875	0.540
4.950	0.540
5.025	0.540
5.100	0.540
5.175	0.540
5.250	0.539
5.325	0.539
5.400	0.539
5.475	0.539
5.550	0.539
5.625	0.538
5.700	0.539
5.775	0.538
5.850	0.539
5.925	0.539
6.000	0.539
6.075	0.538
6.150	0.537
6.225	0.538
6.300	0.537
6.375	0.536
6.450	0.537
6.525	0.536
6.600	0.538
6.675	0.537
6.750	0.537
6.825	0.536
6.900	0.536
6.975	0.533
7.050	0.533
7.125	0.535
7.200	0.533
7.275	0.533
7.350	0.535
7.425	0.532
7.500	0.531
7.575	0.532
7.650	0.533
7.725	0.532
7.800	0.534
7.875	0.532
7.950	0.532
8.025	0.533
8.100	0.532
8.175	0.532
8.250	0.532
8.325	0.531
8.400	0.532
8.475	0.532
8.550	0.532
8.625	0.532
8.700	0.532
8.775	0.532
8.850	0.532
8.925	0.532
9.000	0.532
9.075	0.532
9.150	0.532
9.225	0.533
9.300	0.533
9.375	0.533
9.450	0.533
9.525	0.534
9.600	0.534
9.675	0.534
9.750	0.534
9.825	0.534
9.900	0.534
9.975	0.534
10.050	0.535
10.125	0.535
10.200	0.535
10.275	0.535
10.350	0.535
10.425	0.534
10.500	0.534
10.575	0.534
10.650	0.534
10.725	0.534
10.800	0.534
10.875	0.535
10.950	0.535
11.025	0.535
11.100	0.535
11.175	0.535
11.250	0.535
11.325	0.535
11.400	0.534
11.475	0.534
11.550	0.534
11.625	0.533
11.700	0.533
11.775	0.533
11.850	0.534
11.925	0.533
12.000	0.533
12.075	0.533
12.150	0.533
12.225	0.532
12.300	0.531
12.375	0.531
12.450	0.531
12.525	0.531
12.600	0.531
12.675	0.531
12.750	0.531
12.825	0.531
12.900	0.532
12.975	0.532
13.050	0.532
13.125	0.532
13.200	0.532
13.275	0.532
13.350	0.533
13.425	0.533
13.500	0.533
13.575	0.533
13.650	0.533
13.725	0.533
13.800	0.533
13.875	0.534
13.950	0.534
14.025	0.535
14.100	0.535
14.175	0.535
14.250	0.535
14.325	0.536
14.400	0.536
14.475	0.536
14.550	0.536
14.625	0.536
14.700	0.536
14.775	0.536
14.850	0.536
14.925	0.537
15.000	0.537
