0.000	0.516
0.075	0.518
0.150	0.517
0.225	0.517
0.300	0.518
0.375	0.518
0.450	0.518
0.525	0.518
0.600	0.519
0.675	0.519
0.750	0.520
0.825	0.520
0.900	0.521
0.975	0.521
1.050	0.520
1.125	0.523
1.200	0.526
1.275	0.527
1.350	0.526
1.425	0.526
1.500	0.522
1.575	0.517
1.650	0.517
1.725	0.520
1.800	0.521
1.875	0.521
1.950	0.523
2.025	0.518
2.100	0.523
2.175	0.518
2.250	0.520
2.325	0.517
2.400	0.518
2.475	0.516
2.550	0.513
2.625	0.513
2.700	0.512
2.775	0.513
2.850	0.514
2.925	0.515
3.000	0.515
3.075	0.515
3.150	0.515
3.225	0.515
3.300	0.515
3.375	0.516
3.450	0.515
3.525	0.514
3.600	0.514
3.675	0.514
3.750	0.514
3.825	0.514
3.900	0.514
3.975	0.513
4.050	0.514
4.125	0.514
4.200	0.514
4.275	0.514
4.350	0.513
4.425	0.513
4.500	0.513
4.575	0.513
4.650	0.513
4.725	0.514
4.800	0.514
4.875	0.513
4.950	0.514
5.025	0.514
5.100	0.514
5.175	0.514
5.250	0.515
5.325	0.517
5.400	0.517
5.475	0.516
5.550	0.517
5.625	0.517
5.700	0.517
5.775	0.517
5.850	0.517
5.925	0.516
6.000	0.517
6.075	0.517
6.150	0.516
6.225	0.517
6.300	0.517
6.375	0.517
6.450	0.517
6.525	0.518
6.600	0.518
6.675	0.518
6.750	0.518
6.825	0.517
6.900	0.517
6.975	0.517
7.050	0.517
7.125	0.517
7.200	0.516
7.275	0.516
7.350	0.516
7.425	0.516
7.500	0.515
7.575	0.515
7.650	0.516
7.725	0.516
7.800	0.516
7.875	0.517
7.950	0.517
8.025	0.517
8.100	0.518
8.175	0.518
8.250	0.519
8.325	0.519
8.400	0.520
8.475	0.521
8.550	0.521
8.625	0.520
8.700	0.520
8.775	0.520
8.850	0.520
8.925	0.521
9.000	0.521
9.075	0.522
9.150	0.522
9.225	0.522
9.300	0.521
9.375	0.521
9.450	0.521
9.525	0.520
9.600	0.520
9.675	0.520
9.750	0.520
9.825	0.520
9.900	0.520
9.975	0.520
10.050	0.520
10.125	0.520
10.200	0.520
10.275	0.519
10.350	0.519
10.425	0.519
10.500	0.519
10.575	0.519
10.650	0.520
10.725	0.520
10.800	0.519
10.875	0.519
10.950	0.519
11.025	0.519
11.100	0.519
11.175	0.519
11.250	0.519
11.325	0.519
11.400	0.520
11.475	0.520
11.550	0.520
11.625	0.519
11.700	0.519
11.775	0.518
11.850	0.519
11.925	0.519
12.000	0.519
12.075	0.519
12.150	0.519
12.225	0.520
12.300	0.520
12.375	0.520
12.450	0.520
12.525	0.520
12.600	0.519
12.675	0.519
12.750	0.520
12.825	0.520
12.900	0.520
12.975	0.520
13.050	0.520
13.125	0.520
13.200	0.519
13.275	0.519
13.350	0.519
13.425	0.519
13.500	0.519
13.575	0.519
13.650	0.519
13.725	0.519
13.800	0.519
13.875	0.519
13.950	0.519
14.025	0.519
14.100	0.519
14.175	0.519
14.250	0.519
14.325	0.519
14.400	0.519
14.475	0.519
14.550	0.519
14.625	0.519
14.700	0.520
14.775	0.520
14.850	0.520
14.925	0.520
15.000	0.520
