0.000	0.549
0.030	0.549
0.060	0.549
0.090	0.549
0.120	0.549
0.150	0.549
0.180	0.549
0.210	0.549
0.240	0.549
0.270	0.549
0.300	0.549
0.330	0.549
0.360	0.549
0.390	0.549
0.420	0.549
0.450	0.549
0.480	0.549
0.510	0.549
0.540	0.548
0.570	0.548
0.600	0.548
0.630	0.548
0.660	0.548
0.690	0.548
0.720	0.548
0.750	0.548
0.780	0.548
0.810	0.548
0.840	0.548
0.870	0.548
0.900	0.548
0.930	0.548
0.960	0.547
0.990	0.547
1.020	0.547
1.050	0.547
1.080	0.547
1.110	0.547
1.140	0.547
1.170	0.547
1.200	0.547
1.230	0.547
1.260	0.547
1.290	0.546
1.320	0.546
1.350	0.546
1.380	0.546
1.410	0.546
1.440	0.546
1.470	0.546
1.500	0.545
1.530	0.545
1.560	0.545
1.590	0.545
1.620	0.545
1.650	0.545
1.680	0.545
1.710	0.544
1.740	0.545
1.770	0.544
1.800	0.544
1.830	0.544
1.860	0.544
1.890	0.544
1.920	0.544
1.950	0.544
1.980	0.545
2.010	0.545
2.040	0.545
2.070	0.545
2.100	0.545
2.130	0.545
2.160	0.545
2.190	0.544
2.220	0.544
2.250	0.544
2.280	0.544
2.310	0.544
2.340	0.544
2.370	0.544
2.400	0.544
2.430	0.544
2.460	0.544
2.490	0.544
2.520	0.544
2.550	0.544
2.580	0.544
2.610	0.544
2.640	0.544
2.670	0.544
2.700	0.544
2.730	0.544
2.760	0.544
2.790	0.544
2.820	0.544
2.850	0.544
2.880	0.544
2.910	0.544
2.940	0.544
2.970	0.544
3.000	0.544
3.030	0.544
3.060	0.544
3.090	0.544
3.120	0.544
3.150	0.544
3.180	0.544
3.210	0.545
3.240	0.545
3.270	0.545
3.300	0.544
3.330	0.544
3.360	0.544
3.390	0.544
3.420	0.544
3.450	0.544
3.480	0.544
3.510	0.544
3.540	0.544
3.570	0.544
3.600	0.544
3.630	0.544
3.660	0.544
3.690	0.544
3.720	0.544
3.750	0.544
3.780	0.544
3.810	0.544
3.840	0.544
3.870	0.544
3.900	0.544
3.930	0.543
3.960	0.544
3.990	0.543
4.020	0.543
4.050	0.544
4.080	0.543
4.110	0.544
4.140	0.544
4.170	0.544
4.200	0.544
4.230	0.544
4.260	0.544
4.290	0.544
4.320	0.544
4.350	0.544
4.380	0.544
4.410	0.544
4.440	0.544
4.470	0.544
4.500	0.544
4.530	0.544
4.560	0.544
4.590	0.544
4.620	0.544
4.650	0.544
4.680	0.544
4.710	0.544
4.740	0.544
4.770	0.544
4.800	0.544
4.830	0.544
4.860	0.544
4.890	0.543
4.920	0.544
4.950	0.544
4.980	0.543
5.010	0.544
5.040	0.544
5.070	0.544
5.100	0.544
5.130	0.544
5.160	0.543
5.190	0.544
5.220	0.543
5.250	0.544
5.280	0.543
5.310	0.544
5.340	0.544
5.370	0.544
5.400	0.544
5.430	0.544
5.460	0.544
5.490	0.544
5.520	0.544
5.550	0.544
5.580	0.544
5.610	0.544
5.640	0.544
5.670	0.544
5.700	0.544
5.730	0.544
5.760	0.544
5.790	0.544
5.820	0.544
5.850	0.544
5.880	0.544
5.910	0.544
5.940	0.544
5.970	0.544
6.000	0.544
6.030	0.544
6.060	0.544
6.090	0.544
6.120	0.544
6.150	0.544
6.180	0.544
6.210	0.544
6.240	0.544
6.270	0.544
6.300	0.544
6.330	0.544
6.360	0.544
6.390	0.544
6.420	0.544
6.450	0.544
6.480	0.544
6.510	0.544
6.540	0.544
6.570	0.544
6.600	0.544
6.630	0.544
6.660	0.545
6.690	0.545
6.720	0.544
6.750	0.544
6.780	0.544
6.810	0.544
6.840	0.544
6.870	0.544
6.900	0.544
6.930	0.544
6.960	0.544
6.990	0.544
7.020	0.544
7.050	0.544
7.080	0.544
7.110	0.544
7.140	0.544
7.170	0.544
7.200	0.543
7.230	0.544
7.260	0.544
7.290	0.544
7.320	0.543
7.350	0.543
7.380	0.543
7.410	0.543
7.440	0.543
7.470	0.544
7.500	0.544
7.530	0.543
7.560	0.544
7.590	0.544
7.620	0.544
7.650	0.544
7.680	0.544
7.710	0.544
7.740	0.543
7.770	0.543
7.800	0.544
7.830	0.544
7.860	0.544
7.890	0.544
7.920	0.543
7.950	0.543
7.980	0.545
8.010	0.543
8.040	0.543
8.070	0.545
8.100	0.545
8.130	0.545
8.160	0.545
8.190	0.545
8.220	0.545
8.250	0.541
8.280	0.541
8.310	0.545
8.340	0.544
8.370	0.544
8.400	0.543
8.430	0.543
8.460	0.544
8.490	0.544
8.520	0.543
8.550	0.544
8.580	0.544
8.610	0.544
8.640	0.543
8.670	0.544
8.700	0.543
8.730	0.543
8.760	0.543
8.790	0.543
8.820	0.543
8.850	0.543
8.880	0.543
8.910	0.543
8.940	0.543
8.970	0.543
9.000	0.543
9.030	0.543
9.060	0.543
9.090	0.542
9.120	0.543
9.150	0.543
9.180	0.542
9.210	0.542
9.240	0.542
9.270	0.542
9.300	0.542
9.330	0.542
9.360	0.542
9.390	0.542
9.420	0.542
9.450	0.542
9.480	0.542
9.510	0.542
9.540	0.542
9.570	0.542
9.600	0.542
9.630	0.542
9.660	0.542
9.690	0.542
9.720	0.542
9.750	0.542
9.780	0.542
9.810	0.542
9.840	0.542
9.870	0.542
9.900	0.542
9.930	0.542
9.960	0.542
9.990	0.542
10.020	0.542
10.050	0.541
10.080	0.541
10.110	0.541
10.140	0.541
10.170	0.541
10.200	0.541
10.230	0.541
10.260	0.541
10.290	0.541
10.320	0.541
10.350	0.542
10.380	0.542
10.410	0.542
10.440	0.542
10.470	0.542
10.500	0.542
10.530	0.542
10.560	0.542
10.590	0.542
10.620	0.541
10.650	0.541
10.680	0.541
10.710	0.541
10.740	0.541
10.770	0.541
10.800	0.541
10.830	0.541
10.860	0.541
10.890	0.541
10.920	0.541
10.950	0.541
10.980	0.541
11.010	0.541
11.040	0.541
11.070	0.541
11.100	0.541
11.130	0.541
11.160	0.541
11.190	0.541
11.220	0.541
11.250	0.541
11.280	0.541
11.310	0.541
11.340	0.541
11.370	0.541
11.400	0.541
11.430	0.541
11.460	0.541
11.490	0.541
11.520	0.541
11.550	0.541
11.580	0.541
11.610	0.541
11.640	0.541
11.670	0.541
11.700	0.541
11.730	0.541
11.760	0.541
11.790	0.541
11.820	0.541
11.850	0.541
11.880	0.541
11.910	0.541
11.940	0.541
11.970	0.541
12.000	0.541
12.030	0.541
12.060	0.541
12.090	0.541
12.120	0.541
12.150	0.541
12.180	0.542
12.210	0.541
12.240	0.542
12.270	0.542
12.300	0.542
12.330	0.542
12.360	0.542
12.390	0.542
12.420	0.542
12.450	0.542
12.480	0.542
12.510	0.542
12.540	0.542
12.570	0.542
12.600	0.542
12.630	0.542
12.660	0.542
12.690	0.542
12.720	0.542
12.750	0.542
12.780	0.542
12.810	0.542
12.840	0.542
12.870	0.542
12.900	0.542
12.930	0.542
12.960	0.542
12.990	0.543
13.020	0.543
13.050	0.543
13.080	0.543
13.110	0.543
13.140	0.543
13.170	0.543
13.200	0.543
13.230	0.543
13.260	0.543
13.290	0.543
13.320	0.543
13.350	0.544
13.380	0.544
13.410	0.544
13.440	0.544
13.470	0.544
13.500	0.544
13.530	0.544
13.560	0.544
13.590	0.544
13.620	0.544
13.650	0.544
13.680	0.544
13.710	0.544
13.740	0.545
13.770	0.545
13.800	0.545
13.830	0.545
13.860	0.545
13.890	0.545
13.920	0.545
13.950	0.545
13.980	0.545
14.010	0.545
14.040	0.546
14.070	0.546
14.100	0.546
14.130	0.546
14.160	0.546
14.190	0.546
14.220	0.546
14.250	0.546
14.280	0.546
14.310	0.546
14.340	0.547
14.370	0.547
14.400	0.547
14.430	0.547
14.460	0.547
14.490	0.547
14.520	0.547
14.550	0.547
14.580	0.548
14.610	0.548
14.640	0.548
14.670	0.548
14.700	0.548
14.730	0.549
14.760	0.549
14.790	0.549
14.820	0.549
14.850	0.549
14.880	0.550
14.910	0.550
14.940	0.550
14.970	0.550
15.000	0.551
15.000	0.551
