0.000	0.544
0.030	0.550
0.060	0.550
0.090	0.550
0.120	0.550
0.150	0.550
0.180	0.550
0.210	0.550
0.240	0.550
0.270	0.550
0.300	0.550
0.330	0.550
0.360	0.550
0.390	0.550
0.420	0.550
0.450	0.550
0.480	0.550
0.510	0.550
0.540	0.550
0.570	0.550
0.600	0.550
0.630	0.550
0.660	0.550
0.690	0.550
0.720	0.550
0.750	0.550
0.780	0.550
0.810	0.550
0.840	0.550
0.870	0.550
0.900	0.550
0.930	0.550
0.960	0.550
0.990	0.550
1.020	0.550
1.050	0.550
1.080	0.550
1.110	0.550
1.140	0.550
1.170	0.550
1.200	0.550
1.230	0.550
1.260	0.550
1.290	0.550
1.320	0.550
1.350	0.550
1.380	0.550
1.410	0.551
1.440	0.550
1.470	0.550
1.500	0.550
1.530	0.550
1.560	0.550
1.590	0.550
1.620	0.550
1.650	0.549
1.680	0.549
1.710	0.549
1.740	0.548
1.770	0.548
1.800	0.548
1.830	0.547
1.860	0.547
1.890	0.546
1.920	0.546
1.950	0.546
1.980	0.546
2.010	0.545
2.040	0.545
2.070	0.545
2.100	0.545
2.130	0.545
2.160	0.545
2.190	0.545
2.220	0.545
2.250	0.545
2.280	0.545
2.310	0.545
2.340	0.545
2.370	0.545
2.400	0.545
2.430	0.545
2.460	0.545
2.490	0.545
2.520	0.545
2.550	0.545
2.580	0.545
2.610	0.545
2.640	0.545
2.670	0.545
2.700	0.545
2.730	0.545
2.760	0.546
2.790	0.546
2.820	0.546
2.850	0.546
2.880	0.546
2.910	0.546
2.940	0.546
2.970	0.546
3.000	0.546
3.030	0.546
3.060	0.546
3.090	0.547
3.120	0.547
3.150	0.547
3.180	0.547
3.210	0.547
3.240	0.547
3.270	0.547
3.300	0.547
3.330	0.547
3.360	0.547
3.390	0.547
3.420	0.548
3.450	0.548
3.480	0.548
3.510	0.548
3.540	0.548
3.570	0.548
3.600	0.548
3.630	0.548
3.660	0.548
3.690	0.548
3.720	0.548
3.750	0.548
3.780	0.548
3.810	0.548
3.840	0.548
3.870	0.548
3.900	0.548
3.930	0.548
3.960	0.548
3.990	0.548
4.020	0.548
4.050	0.548
4.080	0.548
4.110	0.548
4.140	0.547
4.170	0.547
4.200	0.547
4.230	0.547
4.260	0.548
4.290	0.548
4.320	0.548
4.350	0.547
4.380	0.548
4.410	0.548
4.440	0.548
4.470	0.548
4.500	0.548
4.530	0.548
4.560	0.548
4.590	0.548
4.620	0.548
4.650	0.548
4.680	0.548
4.710	0.548
4.740	0.548
4.770	0.548
4.800	0.548
4.830	0.549
4.860	0.549
4.890	0.549
4.920	0.549
4.950	0.549
4.980	0.549
5.010	0.549
5.040	0.549
5.070	0.549
5.100	0.549
5.130	0.549
5.160	0.549
5.190	0.549
5.220	0.549
5.250	0.549
5.280	0.549
5.310	0.549
5.340	0.549
5.370	0.549
5.400	0.548
5.430	0.548
5.460	0.548
5.490	0.548
5.520	0.548
5.550	0.548
5.580	0.548
5.610	0.548
5.640	0.548
5.670	0.548
5.700	0.548
5.730	0.548
5.760	0.547
5.790	0.547
5.820	0.547
5.850	0.547
5.880	0.547
5.910	0.547
5.940	0.547
5.970	0.547
6.000	0.547
6.030	0.547
6.060	0.546
6.090	0.547
6.120	0.546
6.150	0.546
6.180	0.546
6.210	0.546
6.240	0.545
6.270	0.545
6.300	0.545
6.330	0.545
6.360	0.545
6.390	0.545
6.420	0.545
6.450	0.545
6.480	0.545
6.510	0.545
6.540	0.544
6.570	0.544
6.600	0.544
6.630	0.544
6.660	0.544
6.690	0.544
6.720	0.544
6.750	0.544
6.780	0.544
6.810	0.544
6.840	0.544
6.870	0.544
6.900	0.544
6.930	0.544
6.960	0.543
6.990	0.543
7.020	0.543
7.050	0.543
7.080	0.543
7.110	0.543
7.140	0.543
7.170	0.543
7.200	0.543
7.230	0.543
7.260	0.543
7.290	0.543
7.320	0.543
7.350	0.543
7.380	0.542
7.410	0.542
7.440	0.542
7.470	0.542
7.500	0.542
7.530	0.542
7.560	0.542
7.590	0.542
7.620	0.542
7.650	0.542
7.680	0.542
7.710	0.542
7.740	0.541
7.770	0.541
7.800	0.541
7.830	0.541
7.860	0.541
7.890	0.541
7.920	0.541
7.950	0.541
7.980	0.541
8.010	0.540
8.040	0.540
8.070	0.540
8.100	0.540
8.130	0.540
8.160	0.539
8.190	0.539
8.220	0.539
8.250	0.539
8.280	0.539
8.310	0.539
8.340	0.539
8.370	0.539
8.400	0.538
8.430	0.538
8.460	0.538
8.490	0.538
8.520	0.538
8.550	0.538
8.580	0.537
8.610	0.537
8.640	0.537
8.670	0.537
8.700	0.537
8.730	0.537
8.760	0.537
8.790	0.537
8.820	0.537
8.850	0.537
8.880	0.537
8.910	0.537
8.940	0.537
8.970	0.537
9.000	0.537
9.030	0.537
9.060	0.537
9.090	0.537
9.120	0.537
9.150	0.536
9.180	0.536
9.210	0.536
9.240	0.536
9.270	0.536
9.300	0.536
9.330	0.536
9.360	0.537
9.390	0.537
9.420	0.537
9.450	0.537
9.480	0.537
9.510	0.537
9.540	0.537
9.570	0.537
9.600	0.537
9.630	0.537
9.660	0.537
9.690	0.537
9.720	0.537
9.750	0.537
9.780	0.537
9.810	0.537
9.840	0.537
9.870	0.537
9.900	0.536
9.930	0.536
9.960	0.536
9.990	0.536
10.020	0.536
10.050	0.536
10.080	0.536
10.110	0.537
10.140	0.536
10.170	0.537
10.200	0.537
10.230	0.537
10.260	0.537
10.290	0.537
10.320	0.537
10.350	0.537
10.380	0.537
10.410	0.537
10.440	0.537
10.470	0.537
10.500	0.537
10.530	0.537
10.560	0.537
10.590	0.537
10.620	0.537
10.650	0.537
10.680	0.537
10.710	0.537
10.740	0.537
10.770	0.537
10.800	0.538
10.830	0.538
10.860	0.538
10.890	0.538
10.920	0.538
10.950	0.538
10.980	0.538
11.010	0.538
11.040	0.538
11.070	0.538
11.100	0.538
11.130	0.539
11.160	0.539
11.190	0.539
11.220	0.539
11.250	0.539
11.280	0.539
11.310	0.539
11.340	0.540
11.370	0.540
11.400	0.540
11.430	0.540
11.460	0.540
11.490	0.540
11.520	0.540
11.550	0.540
11.580	0.540
11.610	0.540
11.640	0.540
11.670	0.540
11.700	0.541
11.730	0.541
11.760	0.541
11.790	0.541
11.820	0.542
11.850	0.541
11.880	0.541
11.910	0.542
11.940	0.542
11.970	0.542
12.000	0.542
12.030	0.542
12.060	0.542
12.090	0.543
12.120	0.542
12.150	0.543
12.180	0.544
12.210	0.545
12.240	0.544
12.270	0.545
12.300	0.544
12.330	0.543
12.360	0.546
12.390	0.545
12.420	0.545
12.450	0.546
12.480	0.544
12.510	0.546
12.540	0.546
12.570	0.546
12.600	0.546
12.630	0.546
12.660	0.547
12.690	0.548
12.720	0.548
12.750	0.548
12.780	0.548
12.810	0.548
12.840	0.548
12.870	0.548
12.900	0.549
12.930	0.549
12.960	0.549
12.990	0.549
13.020	0.550
13.050	0.550
13.080	0.550
13.110	0.550
13.140	0.550
13.170	0.550
13.200	0.551
13.230	0.551
13.260	0.551
13.290	0.551
13.320	0.551
13.350	0.552
13.380	0.552
13.410	0.552
13.440	0.552
13.470	0.552
13.500	0.552
13.530	0.552
13.560	0.552
13.590	0.552
13.620	0.553
13.650	0.553
13.680	0.553
13.710	0.553
13.740	0.553
13.770	0.553
13.800	0.553
13.830	0.554
13.860	0.554
13.890	0.554
13.920	0.554
13.950	0.554
13.980	0.554
14.010	0.554
14.040	0.554
14.070	0.555
14.100	0.554
14.130	0.554
14.160	0.554
14.190	0.554
14.220	0.554
14.250	0.554
14.280	0.554
14.310	0.554
14.340	0.554
14.370	0.553
14.400	0.553
14.430	0.553
14.460	0.553
14.490	0.553
14.520	0.553
14.550	0.553
14.580	0.552
14.610	0.552
14.640	0.552
14.670	0.552
14.700	0.552
14.730	0.552
14.760	0.552
14.790	0.552
14.820	0.552
14.850	0.552
14.880	0.551
14.910	0.551
14.940	0.551
14.970	0.551
15.000	0.551
15.000	0.551
