0.000	0.539
0.030	0.555
0.060	0.556
0.090	0.556
0.120	0.556
0.150	0.556
0.180	0.556
0.210	0.556
0.240	0.556
0.270	0.556
0.300	0.555
0.330	0.555
0.360	0.555
0.390	0.555
0.420	0.555
0.450	0.555
0.480	0.555
0.510	0.555
0.540	0.555
0.570	0.555
0.600	0.554
0.630	0.554
0.660	0.554
0.690	0.554
0.720	0.554
0.750	0.554
0.780	0.554
0.810	0.554
0.840	0.554
0.870	0.554
0.900	0.554
0.930	0.554
0.960	0.553
0.990	0.553
1.020	0.553
1.050	0.553
1.080	0.553
1.110	0.553
1.140	0.553
1.170	0.553
1.200	0.553
1.230	0.553
1.260	0.553
1.290	0.553
1.320	0.553
1.350	0.552
1.380	0.552
1.410	0.552
1.440	0.552
1.470	0.552
1.500	0.551
1.530	0.551
1.560	0.551
1.590	0.551
1.620	0.551
1.650	0.551
1.680	0.551
1.710	0.551
1.740	0.551
1.770	0.551
1.800	0.551
1.830	0.551
1.860	0.551
1.890	0.551
1.920	0.551
1.950	0.551
1.980	0.551
2.010	0.551
2.040	0.551
2.070	0.551
2.100	0.551
2.130	0.551
2.160	0.551
2.190	0.551
2.220	0.551
2.250	0.551
2.280	0.551
2.310	0.551
2.340	0.551
2.370	0.551
2.400	0.551
2.430	0.551
2.460	0.551
2.490	0.551
2.520	0.551
2.550	0.551
2.580	0.551
2.610	0.551
2.640	0.551
2.670	0.551
2.700	0.551
2.730	0.551
2.760	0.551
2.790	0.550
2.820	0.550
2.850	0.550
2.880	0.550
2.910	0.550
2.940	0.550
2.970	0.550
3.000	0.550
3.030	0.551
3.060	0.551
3.090	0.551
3.120	0.551
3.150	0.551
3.180	0.551
3.210	0.551
3.240	0.551
3.270	0.551
3.300	0.551
3.330	0.550
3.360	0.550
3.390	0.550
3.420	0.550
3.450	0.550
3.480	0.550
3.510	0.550
3.540	0.550
3.570	0.551
3.600	0.551
3.630	0.551
3.660	0.551
3.690	0.551
3.720	0.551
3.750	0.551
3.780	0.550
3.810	0.550
3.840	0.550
3.870	0.550
3.900	0.550
3.930	0.549
3.960	0.549
3.990	0.549
4.020	0.548
4.050	0.548
4.080	0.548
4.110	0.548
4.140	0.547
4.170	0.547
4.200	0.547
4.230	0.546
4.260	0.546
4.290	0.546
4.320	0.545
4.350	0.545
4.380	0.544
4.410	0.544
4.440	0.544
4.470	0.544
4.500	0.544
4.530	0.544
4.560	0.544
4.590	0.544
4.620	0.544
4.650	0.544
4.680	0.544
4.710	0.544
4.740	0.544
4.770	0.544
4.800	0.544
4.830	0.543
4.860	0.543
4.890	0.543
4.920	0.543
4.950	0.542
4.980	0.542
5.010	0.542
5.040	0.542
5.070	0.542
5.100	0.542
5.130	0.542
5.160	0.542
5.190	0.542
5.220	0.542
5.250	0.542
5.280	0.542
5.310	0.542
5.340	0.542
5.370	0.542
5.400	0.542
5.430	0.542
5.460	0.542
5.490	0.541
5.520	0.541
5.550	0.541
5.580	0.540
5.610	0.540
5.640	0.540
5.670	0.539
5.700	0.539
5.730	0.539
5.760	0.539
5.790	0.539
5.820	0.538
5.850	0.538
5.880	0.538
5.910	0.538
5.940	0.537
5.970	0.537
6.000	0.537
6.030	0.536
6.060	0.536
6.090	0.535
6.120	0.535
6.150	0.534
6.180	0.534
6.210	0.534
6.240	0.534
6.270	0.533
6.300	0.534
6.330	0.533
6.360	0.533
6.390	0.533
6.420	0.533
6.450	0.533
6.480	0.533
6.510	0.533
6.540	0.532
6.570	0.532
6.600	0.532
6.630	0.532
6.660	0.532
6.690	0.532
6.720	0.532
6.750	0.532
6.780	0.532
6.810	0.532
6.840	0.532
6.870	0.533
6.900	0.533
6.930	0.533
6.960	0.533
6.990	0.533
7.020	0.533
7.050	0.533
7.080	0.533
7.110	0.533
7.140	0.533
7.170	0.533
7.200	0.533
7.230	0.533
7.260	0.533
7.290	0.533
7.320	0.534
7.350	0.534
7.380	0.534
7.410	0.534
7.440	0.534
7.470	0.535
7.500	0.535
7.530	0.535
7.560	0.535
7.590	0.535
7.620	0.536
7.650	0.535
7.680	0.535
7.710	0.536
7.740	0.536
7.770	0.536
7.800	0.536
7.830	0.536
7.860	0.536
7.890	0.536
7.920	0.536
7.950	0.536
7.980	0.536
8.010	0.536
8.040	0.536
8.070	0.536
8.100	0.537
8.130	0.537
8.160	0.537
8.190	0.537
8.220	0.537
8.250	0.537
8.280	0.538
8.310	0.538
8.340	0.538
8.370	0.538
8.400	0.538
8.430	0.538
8.460	0.538
8.490	0.538
8.520	0.538
8.550	0.538
8.580	0.538
8.610	0.538
8.640	0.539
8.670	0.539
8.700	0.539
8.730	0.540
8.760	0.540
8.790	0.540
8.820	0.540
8.850	0.540
8.880	0.540
8.910	0.540
8.940	0.540
8.970	0.539
9.000	0.539
9.030	0.539
9.060	0.539
9.090	0.540
9.120	0.540
9.150	0.540
9.180	0.540
9.210	0.540
9.240	0.540
9.270	0.540
9.300	0.540
9.330	0.540
9.360	0.541
9.390	0.541
9.420	0.541
9.450	0.540
9.480	0.540
9.510	0.540
9.540	0.540
9.570	0.540
9.600	0.540
9.630	0.540
9.660	0.540
9.690	0.540
9.720	0.540
9.750	0.540
9.780	0.540
9.810	0.540
9.840	0.540
9.870	0.540
9.900	0.540
9.930	0.540
9.960	0.540
9.990	0.540
10.020	0.540
10.050	0.539
10.080	0.539
10.110	0.539
10.140	0.538
10.170	0.538
10.200	0.538
10.230	0.538
10.260	0.538
10.290	0.538
10.320	0.538
10.350	0.538
10.380	0.538
10.410	0.538
10.440	0.538
10.470	0.538
10.500	0.538
10.530	0.538
10.560	0.538
10.590	0.537
10.620	0.537
10.650	0.537
10.680	0.537
10.710	0.536
10.740	0.536
10.770	0.536
10.800	0.535
10.830	0.535
10.860	0.535
10.890	0.535
10.920	0.535
10.950	0.534
10.980	0.534
11.010	0.534
11.040	0.534
11.070	0.534
11.100	0.534
11.130	0.533
11.160	0.533
11.190	0.533
11.220	0.532
11.250	0.532
11.280	0.532
11.310	0.532
11.340	0.532
11.370	0.532
11.400	0.531
11.430	0.531
11.460	0.531
11.490	0.531
11.520	0.531
11.550	0.531
11.580	0.531
11.610	0.531
11.640	0.531
11.670	0.531
11.700	0.531
11.730	0.531
11.760	0.530
11.790	0.530
11.820	0.530
11.850	0.530
11.880	0.530
11.910	0.530
11.940	0.530
11.970	0.530
12.000	0.530
12.030	0.531
12.060	0.531
12.090	0.531
12.120	0.531
12.150	0.531
12.180	0.531
12.210	0.531
12.240	0.531
12.270	0.531
12.300	0.530
12.330	0.530
12.360	0.530
12.390	0.530
12.420	0.530
12.450	0.530
12.480	0.529
12.510	0.529
12.540	0.530
12.570	0.530
12.600	0.530
12.630	0.530
12.660	0.530
12.690	0.530
12.720	0.530
12.750	0.530
12.780	0.530
12.810	0.531
12.840	0.530
12.870	0.531
12.900	0.531
12.930	0.531
12.960	0.531
12.990	0.531
13.020	0.531
13.050	0.531
13.080	0.531
13.110	0.531
13.140	0.530
13.170	0.531
13.200	0.531
13.230	0.530
13.260	0.531
13.290	0.530
13.320	0.531
13.350	0.531
13.380	0.531
13.410	0.531
13.440	0.531
13.470	0.531
13.500	0.531
13.530	0.531
13.560	0.532
13.590	0.532
13.620	0.532
13.650	0.532
13.680	0.532
13.710	0.532
13.740	0.532
13.770	0.532
13.800	0.532
13.830	0.532
13.860	0.532
13.890	0.532
13.920	0.532
13.950	0.532
13.980	0.532
14.010	0.533
14.040	0.533
14.070	0.533
14.100	0.534
14.130	0.534
14.160	0.534
14.190	0.534
14.220	0.534
14.250	0.535
14.280	0.535
14.310	0.535
14.340	0.535
14.370	0.536
14.400	0.536
14.430	0.536
14.460	0.537
14.490	0.537
14.520	0.537
14.550	0.537
14.580	0.538
14.610	0.538
14.640	0.538
14.670	0.539
14.700	0.539
14.730	0.539
14.760	0.540
14.790	0.540
14.820	0.540
14.850	0.540
14.880	0.540
14.910	0.541
14.940	0.542
14.970	0.542
15.000	0.542
15.000	0.543
