0.000	0.516
0.030	0.516
0.060	0.516
0.090	0.516
0.120	0.516
0.150	0.516
0.180	0.516
0.210	0.516
0.240	0.516
0.270	0.516
0.300	0.516
0.330	0.516
0.360	0.516
0.390	0.516
0.420	0.516
0.450	0.516
0.480	0.516
0.510	0.516
0.540	0.516
0.570	0.517
0.600	0.516
0.630	0.516
0.660	0.516
0.690	0.516
0.720	0.516
0.750	0.516
0.780	0.516
0.810	0.516
0.840	0.516
0.870	0.516
0.900	0.517
0.930	0.517
0.960	0.516
0.990	0.517
1.020	0.518
1.050	0.518
1.080	0.518
1.110	0.518
1.140	0.519
1.170	0.519
1.200	0.520
1.230	0.521
1.260	0.521
1.290	0.521
1.320	0.522
1.350	0.522
1.380	0.522
1.410	0.524
1.440	0.524
1.470	0.523
1.500	0.524
1.530	0.524
1.560	0.524
1.590	0.524
1.620	0.526
1.650	0.529
1.680	0.530
1.710	0.533
1.740	0.534
1.770	0.535
1.800	0.531
1.830	0.524
1.860	0.520
1.890	0.519
1.920	0.520
1.950	0.521
1.980	0.521
2.010	0.522
2.040	0.520
2.070	0.520
2.100	0.521
2.130	0.522
2.160	0.520
2.190	0.517
2.220	0.520
2.250	0.519
2.280	0.517
2.310	0.520
2.340	0.521
2.370	0.522
2.400	0.524
2.430	0.521
2.460	0.524
2.490	0.516
2.520	0.516
2.550	0.515
2.580	0.511
2.610	0.510
2.640	0.513
2.670	0.509
2.700	0.512
2.730	0.512
2.760	0.510
2.790	0.508
2.820	0.512
2.850	0.509
2.880	0.509
2.910	0.511
2.940	0.510
2.970	0.510
3.000	0.513
3.030	0.513
3.060	0.514
3.090	0.512
3.120	0.513
3.150	0.514
3.180	0.513
3.210	0.513
3.240	0.512
3.270	0.512
3.300	0.513
3.330	0.513
3.360	0.513
3.390	0.513
3.420	0.513
3.450	0.513
3.480	0.513
3.510	0.512
3.540	0.513
3.570	0.512
3.600	0.513
3.630	0.512
3.660	0.513
3.690	0.512
3.720	0.513
3.750	0.513
3.780	0.514
3.810	0.514
3.840	0.514
3.870	0.514
3.900	0.514
3.930	0.514
3.960	0.514
3.990	0.515
4.020	0.515
4.050	0.516
4.080	0.516
4.110	0.517
4.140	0.516
4.170	0.517
4.200	0.516
4.230	0.516
4.260	0.516
4.290	0.515
4.320	0.515
4.350	0.515
4.380	0.514
4.410	0.513
4.440	0.514
4.470	0.513
4.500	0.514
4.530	0.515
4.560	0.516
4.590	0.515
4.620	0.515
4.650	0.515
4.680	0.516
4.710	0.516
4.740	0.516
4.770	0.516
4.800	0.517
4.830	0.517
4.860	0.518
4.890	0.517
4.920	0.516
4.950	0.515
4.980	0.516
5.010	0.516
5.040	0.516
5.070	0.516
5.100	0.515
5.130	0.515
5.160	0.515
5.190	0.515
5.220	0.515
5.250	0.516
5.280	0.516
5.310	0.516
5.340	0.516
5.370	0.516
5.400	0.517
5.430	0.517
5.460	0.518
5.490	0.518
5.520	0.517
5.550	0.517
5.580	0.516
5.610	0.516
5.640	0.516
5.670	0.516
5.700	0.516
5.730	0.516
5.760	0.516
5.790	0.516
5.820	0.516
5.850	0.516
5.880	0.516
5.910	0.516
5.940	0.516
5.970	0.516
6.000	0.516
6.030	0.516
6.060	0.516
6.090	0.516
6.120	0.516
6.150	0.517
6.180	0.517
6.210	0.516
6.240	0.516
6.270	0.515
6.300	0.516
6.330	0.516
6.360	0.516
6.390	0.515
6.420	0.515
6.450	0.515
6.480	0.515
6.510	0.515
6.540	0.515
6.570	0.515
6.600	0.515
6.630	0.515
6.660	0.515
6.690	0.515
6.720	0.515
6.750	0.515
6.780	0.515
6.810	0.516
6.840	0.516
6.870	0.516
6.900	0.516
6.930	0.516
6.960	0.516
6.990	0.516
7.020	0.516
7.050	0.515
7.080	0.515
7.110	0.515
7.140	0.515
7.170	0.515
7.200	0.515
7.230	0.515
7.260	0.515
7.290	0.516
7.320	0.516
7.350	0.516
7.380	0.516
7.410	0.516
7.440	0.516
7.470	0.516
7.500	0.516
7.530	0.516
7.560	0.516
7.590	0.516
7.620	0.516
7.650	0.516
7.680	0.516
7.710	0.516
7.740	0.516
7.770	0.516
7.800	0.516
7.830	0.516
7.860	0.516
7.890	0.517
7.920	0.517
7.950	0.517
7.980	0.517
8.010	0.517
8.040	0.517
8.070	0.517
8.100	0.518
8.130	0.518
8.160	0.518
8.190	0.518
8.220	0.518
8.250	0.518
8.280	0.519
8.310	0.519
8.340	0.519
8.370	0.520
8.400	0.520
8.430	0.520
8.460	0.520
8.490	0.520
8.520	0.519
8.550	0.519
8.580	0.519
8.610	0.519
8.640	0.519
8.670	0.519
8.700	0.519
8.730	0.519
8.760	0.519
8.790	0.519
8.820	0.519
8.850	0.519
8.880	0.519
8.910	0.519
8.940	0.519
8.970	0.519
9.000	0.519
9.030	0.519
9.060	0.519
9.090	0.519
9.120	0.519
9.150	0.518
9.180	0.518
9.210	0.518
9.240	0.518
9.270	0.518
9.300	0.518
9.330	0.518
9.360	0.518
9.390	0.518
9.420	0.518
9.450	0.518
9.480	0.518
9.510	0.518
9.540	0.518
9.570	0.518
9.600	0.518
9.630	0.518
9.660	0.518
9.690	0.518
9.720	0.518
9.750	0.518
9.780	0.518
9.810	0.518
9.840	0.518
9.870	0.517
9.900	0.517
9.930	0.517
9.960	0.517
9.990	0.517
10.020	0.518
10.050	0.518
10.080	0.518
10.110	0.518
10.140	0.518
10.170	0.518
10.200	0.518
10.230	0.518
10.260	0.518
10.290	0.518
10.320	0.519
10.350	0.518
10.380	0.518
10.410	0.519
10.440	0.519
10.470	0.519
10.500	0.519
10.530	0.519
10.560	0.519
10.590	0.518
10.620	0.518
10.650	0.518
10.680	0.518
10.710	0.518
10.740	0.518
10.770	0.518
10.800	0.518
10.830	0.519
10.860	0.519
10.890	0.519
10.920	0.519
10.950	0.519
10.980	0.519
11.010	0.519
11.040	0.519
11.070	0.519
11.100	0.519
11.130	0.519
11.160	0.519
11.190	0.519
11.220	0.519
11.250	0.518
11.280	0.518
11.310	0.518
11.340	0.518
11.370	0.518
11.400	0.518
11.430	0.518
11.460	0.518
11.490	0.518
11.520	0.518
11.550	0.518
11.580	0.518
11.610	0.518
11.640	0.518
11.670	0.518
11.700	0.518
11.730	0.518
11.760	0.518
11.790	0.518
11.820	0.518
11.850	0.518
11.880	0.518
11.910	0.518
11.940	0.518
11.970	0.518
12.000	0.518
12.030	0.518
12.060	0.518
12.090	0.518
12.120	0.518
12.150	0.518
12.180	0.518
12.210	0.518
12.240	0.518
12.270	0.518
12.300	0.518
12.330	0.518
12.360	0.518
12.390	0.518
12.420	0.519
12.450	0.519
12.480	0.519
12.510	0.519
12.540	0.519
12.570	0.519
12.600	0.519
12.630	0.519
12.660	0.519
12.690	0.519
12.720	0.519
12.750	0.519
12.780	0.518
12.810	0.518
12.840	0.518
12.870	0.518
12.900	0.518
12.930	0.518
12.960	0.518
12.990	0.518
13.020	0.518
13.050	0.518
13.080	0.518
13.110	0.518
13.140	0.519
13.170	0.519
13.200	0.519
13.230	0.519
13.260	0.519
13.290	0.519
13.320	0.519
13.350	0.519
13.380	0.519
13.410	0.519
13.440	0.519
13.470	0.519
13.500	0.519
13.530	0.520
13.560	0.519
13.590	0.520
13.620	0.520
13.650	0.519
13.680	0.519
13.710	0.519
13.740	0.519
13.770	0.519
13.800	0.519
13.830	0.519
13.860	0.519
13.890	0.520
13.920	0.520
13.950	0.520
13.980	0.520
14.010	0.520
14.040	0.520
14.070	0.520
14.100	0.519
14.130	0.519
14.160	0.519
14.190	0.519
14.220	0.519
14.250	0.519
14.280	0.519
14.310	0.519
14.340	0.519
14.370	0.519
14.400	0.519
14.430	0.519
14.460	0.519
14.490	0.519
14.520	0.519
14.550	0.519
14.580	0.519
14.610	0.519
14.640	0.519
14.670	0.519
14.700	0.519
14.730	0.519
14.760	0.519
14.790	0.519
14.820	0.519
14.850	0.519
14.880	0.519
14.910	0.519
14.940	0.519
14.970	0.519
15.000	0.519
15.000	0.519
