0.000000	0.544772
0.050000	0.543069
0.100000	0.543432
0.150000	0.543406
0.200000	0.543465
0.250000	0.543269
0.300000	0.543218
0.350000	0.543097
0.400000	0.543042
0.450000	0.542982
0.500000	0.542924
0.550000	0.542908
0.600000	0.542761
0.650000	0.542881
0.700000	0.542865
0.750000	0.542853
0.800000	0.542789
0.850000	0.542755
0.900000	0.542636
0.950000	0.542666
1.000000	0.542608
1.050000	0.542418
1.100000	0.542105
1.150000	0.542245
1.200000	0.542252
1.250000	0.542176
1.300000	0.542164
1.350000	0.542079
1.400000	0.542036
1.450000	0.541938
1.500000	0.542026
1.550000	0.542086
1.600000	0.542127
1.650000	0.542206
1.700000	0.542235
1.750000	0.542215
1.800000	0.542247
1.850000	0.542194
1.900000	0.542349
1.950000	0.542495
2.000000	0.542681
2.050000	0.542786
2.100000	0.542822
2.150000	0.542791
2.200000	0.542876
2.250000	0.542843
2.300000	0.542786
2.350000	0.542816
2.400000	0.542804
2.450000	0.542710
2.500000	0.542919
2.550000	0.542876
2.600000	0.542860
2.650000	0.542829
2.700000	0.542751
2.750000	0.542896
2.800000	0.543044
2.850000	0.542414
2.900000	0.541780
2.950000	0.540966
3.000000	0.542439
3.050000	0.542352
3.100000	0.542400
3.150000	0.542492
3.200000	0.542386
3.250000	0.542340
3.300000	0.542286
3.350000	0.542326
3.400000	0.542215
3.450000	0.542304
3.500000	0.542125
3.550000	0.542194
3.600000	0.542211
3.650000	0.542077
3.700000	0.542068
3.750000	0.541969
3.800000	0.542056
3.850000	0.542025
3.900000	0.542026
3.950000	0.542087
4.000000	0.542044
4.050000	0.542023
4.100000	0.541938
4.150000	0.541875
4.200000	0.541887
4.250000	0.541897
4.300000	0.541954
4.350000	0.542059
4.400000	0.542156
4.450000	0.542240
4.500000	0.542326
4.550000	0.542383
4.600000	0.542424
4.650000	0.542431
4.700000	0.542465
4.750000	0.542184
4.800000	0.542222
4.850000	0.542225
4.900000	0.542248
4.950000	0.542319
5.000000	0.542280
5.050000	0.542288
5.100000	0.542296
5.150000	0.542229
5.200000	0.542238
5.250000	0.542250
5.300000	0.542291
5.350000	0.542293
5.400000	0.542324
5.450000	0.542263
5.500000	0.542237
5.550000	0.542337
5.600000	0.542225
5.650000	0.542451
5.700000	0.542133
5.750000	0.542186
5.800000	0.542278
5.850000	0.542327
5.900000	0.542393
5.950000	0.542452
6.000000	0.542372
6.050000	0.542317
6.100000	0.542204
6.150000	0.542018
6.200000	0.541936
6.250000	0.541834
6.300000	0.541887
6.350000	0.541923
6.400000	0.541949
6.450000	0.541959
6.500000	0.541992
6.550000	0.541954
6.600000	0.542003
6.650000	0.541834
6.700000	0.541744
6.750000	0.541647
6.800000	0.541615
6.850000	0.541599
6.900000	0.541665
6.950000	0.541755
7.000000	0.541895
7.050000	0.542007
7.100000	0.542179
7.150000	0.542258
7.200000	0.542303
7.250000	0.542303
7.300000	0.542240
7.350000	0.542099
7.400000	0.541882
7.450000	0.541754
7.500000	0.541767
7.550000	0.541683
7.600000	0.541599
7.650000	0.541686
7.700000	0.541763
7.750000	0.541780
7.800000	0.541901
7.850000	0.542082
7.900000	0.542332
7.950000	0.542455
8.000000	0.542467
8.050000	0.542613
8.100000	0.542607
8.150000	0.542671
8.200000	0.542671
8.250000	0.542646
8.300000	0.542985
8.350000	0.543077
8.400000	0.543208
8.450000	0.543154
8.500000	0.543557
8.550000	0.543499
8.600000	0.541352
8.650000	0.543616
8.700000	0.543105
8.750000	0.543197
8.800000	0.543573
8.850000	0.543789
8.900000	0.544070
8.950000	0.544109
9.000000	0.544409
9.050000	0.544367
9.100000	0.544474
9.150000	0.544898
9.200000	0.545354
9.250000	0.545538
9.300000	0.544997
9.350000	0.544834
9.400000	0.545148
9.450000	0.545324
9.500000	0.545490
9.550000	0.545457
9.600000	0.545421
9.650000	0.545477
9.700000	0.545571
9.750000	0.545579
9.800000	0.545794
9.850000	0.545939
9.900000	0.546089
9.950000	0.546233
10.000000	0.546514
10.050000	0.546684
10.100000	0.546856
10.150000	0.546994
10.200000	0.547197
10.250000	0.547389
10.300000	0.547478
10.350000	0.547670
10.400000	0.547769
10.450000	0.547904
10.500000	0.547930
10.550000	0.548019
10.600000	0.548109
10.650000	0.548239
10.700000	0.548237
10.750000	0.548410
10.800000	0.548551
10.850000	0.548780
10.900000	0.548915
10.950000	0.549095
11.000000	0.549258
11.050000	0.549349
11.100000	0.549571
11.150000	0.549747
11.200000	0.549945
11.250000	0.550259
11.300000	0.550545
11.350000	0.550856
11.400000	0.551195
11.450000	0.551515
11.500000	0.551787
11.550000	0.552032
11.600000	0.552319
11.650000	0.552579
11.700000	0.552725
11.750000	0.553122
11.800000	0.553667
11.850000	0.553468
11.900000	0.553713
11.950000	0.553889
12.000000	0.554126
12.050000	0.554437
12.100000	0.554601
12.150000	0.554935
12.200000	0.555252
12.250000	0.555546
12.300000	0.555954
12.350000	0.556329
12.400000	0.556673
12.450000	0.556990
12.500000	0.557292
12.550000	0.557638
12.600000	0.557904
12.650000	0.558149
12.700000	0.558438
12.750000	0.558591
12.800000	0.558933
12.850000	0.558946
12.900000	0.559170
12.950000	0.559545
13.000000	0.559587
13.050000	0.559668
13.100000	0.559850
13.150000	0.560005
13.200000	0.560201
13.250000	0.560388
13.300000	0.560643
13.350000	0.560937
13.400000	0.561139
13.450000	0.561509
13.500000	0.561869
13.550000	0.562160
13.600000	0.562425
13.650000	0.562704
13.700000	0.562923
13.750000	0.563153
13.800000	0.563344
13.850000	0.563561
13.900000	0.563761
13.950000	0.564042
14.000000	0.564202
14.050000	0.564445
14.100000	0.564721
14.150000	0.564922
14.200000	0.565206
14.250000	0.565511
14.300000	0.566017
14.350000	0.566341
14.400000	0.566739
14.450000	0.567176
14.500000	0.567713
14.550000	0.568049
14.600000	0.568512
14.650000	0.568785
14.700000	0.569114
14.750000	0.569392
14.800000	0.569729
14.850000	0.570027
14.900000	0.570332
14.950000	0.570632
15.000000	0.570855
15.000000	0.571006
