0.000000	0.540590
0.050000	0.561540
0.100000	0.562540
0.150000	0.562736
0.200000	0.562859
0.250000	0.562938
0.300000	0.562601
0.350000	0.562379
0.400000	0.562020
0.450000	0.561731
0.500000	0.561327
0.550000	0.561009
0.600000	0.560633
0.650000	0.560240
0.700000	0.559913
0.750000	0.559620
0.800000	0.559245
0.850000	0.558902
0.900000	0.558570
0.950000	0.558284
1.000000	0.557999
1.050000	0.557619
1.100000	0.557363
1.150000	0.556913
1.200000	0.556421
1.250000	0.555880
1.300000	0.555285
1.350000	0.554560
1.400000	0.553781
1.450000	0.553003
1.500000	0.552448
1.550000	0.552063
1.600000	0.551889
1.650000	0.551612
1.700000	0.551395
1.750000	0.550979
1.800000	0.550587
1.850000	0.550513
1.900000	0.550312
1.950000	0.550340
2.000000	0.550445
2.050000	0.550521
2.100000	0.550572
2.150000	0.550439
2.200000	0.550287
2.250000	0.550134
2.300000	0.549812
2.350000	0.549363
2.400000	0.549127
2.450000	0.548703
2.500000	0.548408
2.550000	0.548173
2.600000	0.548042
2.650000	0.547938
2.700000	0.547925
2.750000	0.547836
2.800000	0.547662
2.850000	0.547787
2.900000	0.547825
2.950000	0.547793
3.000000	0.547780
3.050000	0.547767
3.100000	0.547889
3.150000	0.548030
3.200000	0.548099
3.250000	0.547994
3.300000	0.547762
3.350000	0.547404
3.400000	0.547115
3.450000	0.546733
3.500000	0.546528
3.550000	0.546299
3.600000	0.546061
3.650000	0.545694
3.700000	0.545880
3.750000	0.545543
3.800000	0.545612
3.850000	0.545448
3.900000	0.545281
3.950000	0.545181
4.000000	0.545058
4.050000	0.544915
4.100000	0.544772
4.150000	0.544617
4.200000	0.544501
4.250000	0.544397
4.300000	0.544308
4.350000	0.544229
4.400000	0.543958
4.450000	0.544034
4.500000	0.543983
4.550000	0.543646
4.600000	0.543646
4.650000	0.543702
4.700000	0.543761
4.750000	0.543685
4.800000	0.543600
4.850000	0.543494
4.900000	0.543468
4.950000	0.543340
5.000000	0.543254
5.050000	0.543213
5.100000	0.543205
5.150000	0.543080
5.200000	0.543018
5.250000	0.542913
5.300000	0.542829
5.350000	0.542758
5.400000	0.542676
5.450000	0.542515
5.500000	0.542386
5.550000	0.542324
5.600000	0.542345
5.650000	0.542212
5.700000	0.542035
5.750000	0.542046
5.800000	0.542105
5.850000	0.541957
5.900000	0.542013
5.950000	0.541911
6.000000	0.541726
6.050000	0.541578
6.100000	0.541464
6.150000	0.541561
6.200000	0.541642
6.250000	0.541328
6.300000	0.541449
6.350000	0.540933
6.400000	0.541374
6.450000	0.540810
6.500000	0.542375
6.550000	0.540136
6.600000	0.540389
6.650000	0.540149
6.700000	0.540305
6.750000	0.540257
6.800000	0.540583
6.850000	0.540471
6.900000	0.540455
6.950000	0.540465
7.000000	0.540312
7.050000	0.540354
7.100000	0.540216
7.150000	0.540230
7.200000	0.540013
7.250000	0.539855
7.300000	0.539786
7.350000	0.539690
7.400000	0.539598
7.450000	0.539350
7.500000	0.539228
7.550000	0.539186
7.600000	0.539084
7.650000	0.538895
7.700000	0.538691
7.750000	0.538544
7.800000	0.538411
7.850000	0.538288
7.900000	0.538227
7.950000	0.537897
8.000000	0.537752
8.050000	0.537519
8.100000	0.537476
8.150000	0.537338
8.200000	0.537247
8.250000	0.537238
8.300000	0.537226
8.350000	0.537104
8.400000	0.537009
8.450000	0.536942
8.500000	0.536807
8.550000	0.536675
8.600000	0.536466
8.650000	0.536562
8.700000	0.536465
8.750000	0.536381
8.800000	0.536342
8.850000	0.536343
8.900000	0.536208
8.950000	0.536103
9.000000	0.536083
9.050000	0.535983
9.100000	0.535888
9.150000	0.535814
9.200000	0.535829
9.250000	0.535755
9.300000	0.535995
9.350000	0.536046
9.400000	0.536320
9.450000	0.536323
9.500000	0.536406
9.550000	0.536573
9.600000	0.536591
9.650000	0.536685
9.700000	0.536675
9.750000	0.536687
9.800000	0.536698
9.850000	0.536692
9.900000	0.536636
9.950000	0.536680
10.000000	0.536725
10.050000	0.536631
10.100000	0.536540
10.150000	0.536381
10.200000	0.536205
10.250000	0.535960
10.300000	0.535996
10.350000	0.535919
10.400000	0.535968
10.450000	0.536032
10.500000	0.535965
10.550000	0.535868
10.600000	0.535899
10.650000	0.535771
10.700000	0.535457
10.750000	0.535340
10.800000	0.536369
10.850000	0.536088
10.900000	0.536323
10.950000	0.535705
11.000000	0.536090
11.050000	0.535968
11.100000	0.535865
11.150000	0.536100
11.200000	0.536049
11.250000	0.536263
11.300000	0.536315
11.350000	0.536450
11.400000	0.536414
11.450000	0.536411
11.500000	0.536687
11.550000	0.536825
11.600000	0.537055
11.650000	0.537078
11.700000	0.537177
11.750000	0.537257
11.800000	0.537349
11.850000	0.537430
11.900000	0.537575
11.950000	0.537676
12.000000	0.537711
12.050000	0.537736
12.100000	0.537732
12.150000	0.537703
12.200000	0.537714
12.250000	0.537726
12.300000	0.537857
12.350000	0.537918
12.400000	0.538018
12.450000	0.538189
12.500000	0.538217
12.550000	0.538434
12.600000	0.538627
12.650000	0.538804
12.700000	0.538982
12.750000	0.539146
12.800000	0.539296
12.850000	0.539271
12.900000	0.539403
12.950000	0.539551
13.000000	0.539664
13.050000	0.539822
13.100000	0.539955
13.150000	0.540085
13.200000	0.540225
13.250000	0.540451
13.300000	0.540706
13.350000	0.540876
13.400000	0.541068
13.450000	0.541359
13.500000	0.541543
13.550000	0.541839
13.600000	0.541959
13.650000	0.542237
13.700000	0.542493
13.750000	0.542852
13.800000	0.543164
13.850000	0.543488
13.900000	0.543781
13.950000	0.544136
14.000000	0.544302
14.050000	0.544588
14.100000	0.544578
14.150000	0.544690
14.200000	0.544884
14.250000	0.545096
14.300000	0.545290
14.350000	0.545375
14.400000	0.545763
14.450000	0.546054
14.500000	0.546279
14.550000	0.546766
14.600000	0.546889
14.650000	0.547207
14.700000	0.547489
14.750000	0.547830
14.800000	0.548255
14.850000	0.548349
14.900000	0.548361
14.950000	0.548632
15.000000	0.548939
15.000000	0.549270
