0.000000	0.537418
0.050000	0.554867
0.100000	0.555458
0.150000	0.555489
0.200000	0.555551
0.250000	0.555489
0.300000	0.555285
0.350000	0.555104
0.400000	0.554904
0.450000	0.554744
0.500000	0.554503
0.550000	0.554210
0.600000	0.553944
0.650000	0.553781
0.700000	0.553478
0.750000	0.553196
0.800000	0.553026
0.850000	0.552702
0.900000	0.552372
0.950000	0.551968
1.000000	0.552014
1.050000	0.551797
1.100000	0.551157
1.150000	0.550795
1.200000	0.550567
1.250000	0.550164
1.300000	0.549702
1.350000	0.549115
1.400000	0.548528
1.450000	0.547905
1.500000	0.547356
1.550000	0.546901
1.600000	0.546514
1.650000	0.546128
1.700000	0.545612
1.750000	0.544959
1.800000	0.544315
1.850000	0.543707
1.900000	0.543171
1.950000	0.542697
2.000000	0.542133
2.050000	0.541606
2.100000	0.541132
2.150000	0.540624
2.200000	0.540160
2.250000	0.539865
2.300000	0.539620
2.350000	0.539371
2.400000	0.539455
2.450000	0.539444
2.500000	0.539603
2.550000	0.539692
2.600000	0.539748
2.650000	0.539774
2.700000	0.539731
2.750000	0.539513
2.800000	0.539457
2.850000	0.538429
2.900000	0.538132
2.950000	0.537838
3.000000	0.537598
3.050000	0.537361
3.100000	0.537157
3.150000	0.536854
3.200000	0.536623
3.250000	0.536369
3.300000	0.536024
3.350000	0.535621
3.400000	0.535242
3.450000	0.535000
3.500000	0.534923
3.550000	0.534859
3.600000	0.534721
3.650000	0.534670
3.700000	0.534663
3.750000	0.534666
3.800000	0.534665
3.850000	0.534719
3.900000	0.534747
3.950000	0.534849
4.000000	0.534905
4.050000	0.535035
4.100000	0.535061
4.150000	0.535081
4.200000	0.535168
4.250000	0.535161
4.300000	0.535169
4.350000	0.535171
4.400000	0.535183
4.450000	0.535197
4.500000	0.535403
4.550000	0.535549
4.600000	0.535814
4.650000	0.536177
4.700000	0.536550
4.750000	0.536800
4.800000	0.537065
4.850000	0.537016
4.900000	0.537109
4.950000	0.537086
5.000000	0.537067
5.050000	0.537081
5.100000	0.537090
5.150000	0.537267
5.200000	0.537428
5.250000	0.537545
5.300000	0.537718
5.350000	0.537752
5.400000	0.537732
5.450000	0.537688
5.500000	0.537586
5.550000	0.537645
5.600000	0.537744
5.650000	0.537997
5.700000	0.538229
5.750000	0.538347
5.800000	0.538433
5.850000	0.538530
5.900000	0.538627
5.950000	0.538808
6.000000	0.538886
6.050000	0.538928
6.100000	0.539013
6.150000	0.538868
6.200000	0.538648
6.250000	0.538673
6.300000	0.538531
6.350000	0.538472
6.400000	0.538311
6.450000	0.538300
6.500000	0.538472
6.550000	0.538978
6.600000	0.539554
6.650000	0.540292
6.700000	0.540892
6.750000	0.541463
6.800000	0.541561
6.850000	0.542164
6.900000	0.542289
6.950000	0.542926
7.000000	0.543001
7.050000	0.543361
7.100000	0.543462
7.150000	0.543713
7.200000	0.543537
7.250000	0.543613
7.300000	0.544425
7.350000	0.545107
7.400000	0.544256
7.450000	0.541898
7.500000	0.546158
7.550000	0.543797
7.600000	0.544979
7.650000	0.544466
7.700000	0.544009
7.750000	0.544298
7.800000	0.544456
7.850000	0.544252
7.900000	0.544274
7.950000	0.544211
8.000000	0.543975
8.050000	0.543983
8.100000	0.543682
8.150000	0.543601
8.200000	0.543268
8.250000	0.543093
8.300000	0.542960
8.350000	0.542605
8.400000	0.542446
8.450000	0.542508
8.500000	0.542324
8.550000	0.542081
8.600000	0.541943
8.650000	0.541946
8.700000	0.541796
8.750000	0.541721
8.800000	0.541604
8.850000	0.541324
8.900000	0.541058
8.950000	0.540583
9.000000	0.540230
9.050000	0.539720
9.100000	0.539385
9.150000	0.539192
9.200000	0.539071
9.250000	0.539110
9.300000	0.539195
9.350000	0.539248
9.400000	0.539138
9.450000	0.539098
9.500000	0.539184
9.550000	0.539209
9.600000	0.539391
9.650000	0.539621
9.700000	0.539692
9.750000	0.539842
9.800000	0.539861
9.850000	0.539564
9.900000	0.539049
9.950000	0.538572
10.000000	0.538153
10.050000	0.537778
10.100000	0.537624
10.150000	0.537478
10.200000	0.537489
10.250000	0.537381
10.300000	0.537387
10.350000	0.537295
10.400000	0.537071
10.450000	0.536950
10.500000	0.536698
10.550000	0.536708
10.600000	0.536708
10.650000	0.536767
10.700000	0.536447
10.750000	0.536013
10.800000	0.535539
10.850000	0.535191
10.900000	0.534931
10.950000	0.534735
11.000000	0.534499
11.050000	0.534338
11.100000	0.534229
11.150000	0.534132
11.200000	0.534089
11.250000	0.533711
11.300000	0.533430
11.350000	0.533259
11.400000	0.532968
11.450000	0.532886
11.500000	0.532787
11.550000	0.532725
11.600000	0.532731
11.650000	0.532639
11.700000	0.532467
11.750000	0.532311
11.800000	0.531992
11.850000	0.531655
11.900000	0.531313
11.950000	0.531058
12.000000	0.530765
12.050000	0.530588
12.100000	0.530581
12.150000	0.530594
12.200000	0.530249
12.250000	0.530805
12.300000	0.530652
12.350000	0.530893
12.400000	0.531030
12.450000	0.530981
12.500000	0.530893
12.550000	0.530893
12.600000	0.530890
12.650000	0.530704
12.700000	0.530709
12.750000	0.530606
12.800000	0.530624
12.850000	0.530699
12.900000	0.530671
12.950000	0.530762
13.000000	0.530709
13.050000	0.530714
13.100000	0.530861
13.150000	0.531127
13.200000	0.531456
13.250000	0.531804
13.300000	0.532158
13.350000	0.532616
13.400000	0.532838
13.450000	0.533114
13.500000	0.533257
13.550000	0.533300
13.600000	0.533192
13.650000	0.532975
13.700000	0.532789
13.750000	0.532695
13.800000	0.532600
13.850000	0.532524
13.900000	0.532505
13.950000	0.532541
14.000000	0.532680
14.050000	0.532825
14.100000	0.532960
14.150000	0.533146
14.200000	0.533244
14.250000	0.533371
14.300000	0.533433
14.350000	0.533371
14.400000	0.533297
14.450000	0.533141
14.500000	0.533034
14.550000	0.532917
14.600000	0.532904
14.650000	0.532791
14.700000	0.532799
14.750000	0.532833
14.800000	0.532825
14.850000	0.532712
14.900000	0.532674
14.950000	0.532552
15.000000	0.532523
15.000000	0.532509
