0.000	0.543
0.030	0.543
0.060	0.543
0.090	0.543
0.120	0.543
0.150	0.543
0.180	0.543
0.210	0.543
0.240	0.543
0.270	0.543
0.300	0.543
0.330	0.543
0.360	0.543
0.390	0.543
0.420	0.543
0.450	0.542
0.480	0.542
0.510	0.542
0.540	0.542
0.570	0.542
0.600	0.542
0.630	0.542
0.660	0.542
0.690	0.542
0.720	0.542
0.750	0.541
0.780	0.541
0.810	0.541
0.840	0.541
0.870	0.541
0.900	0.541
0.930	0.541
0.960	0.541
0.990	0.541
1.020	0.541
1.050	0.541
1.080	0.541
1.110	0.541
1.140	0.540
1.170	0.542
1.200	0.540
1.230	0.540
1.260	0.540
1.290	0.540
1.320	0.540
1.350	0.540
1.380	0.540
1.410	0.540
1.440	0.539
1.470	0.539
1.500	0.539
1.530	0.539
1.560	0.539
1.590	0.539
1.620	0.539
1.650	0.539
1.680	0.539
1.710	0.538
1.740	0.538
1.770	0.538
1.800	0.538
1.830	0.538
1.860	0.538
1.890	0.538
1.920	0.538
1.950	0.538
1.980	0.538
2.010	0.538
2.040	0.538
2.070	0.538
2.100	0.538
2.130	0.538
2.160	0.538
2.190	0.538
2.220	0.538
2.250	0.538
2.280	0.538
2.310	0.538
2.340	0.539
2.370	0.538
2.400	0.538
2.430	0.538
2.460	0.538
2.490	0.538
2.520	0.538
2.550	0.538
2.580	0.538
2.610	0.538
2.640	0.538
2.670	0.538
2.700	0.539
2.730	0.538
2.760	0.539
2.790	0.538
2.820	0.538
2.850	0.538
2.880	0.538
2.910	0.538
2.940	0.538
2.970	0.539
3.000	0.539
3.030	0.539
3.060	0.539
3.090	0.539
3.120	0.539
3.150	0.539
3.180	0.539
3.210	0.538
3.240	0.539
3.270	0.539
3.300	0.539
3.330	0.539
3.360	0.539
3.390	0.539
3.420	0.539
3.450	0.539
3.480	0.539
3.510	0.539
3.540	0.539
3.570	0.539
3.600	0.539
3.630	0.539
3.660	0.539
3.690	0.539
3.720	0.539
3.750	0.539
3.780	0.539
3.810	0.539
3.840	0.539
3.870	0.539
3.900	0.539
3.930	0.539
3.960	0.539
3.990	0.539
4.020	0.539
4.050	0.539
4.080	0.539
4.110	0.539
4.140	0.539
4.170	0.539
4.200	0.539
4.230	0.538
4.260	0.538
4.290	0.537
4.320	0.538
4.350	0.539
4.380	0.538
4.410	0.538
4.440	0.538
4.470	0.539
4.500	0.539
4.530	0.539
4.560	0.538
4.590	0.538
4.620	0.538
4.650	0.538
4.680	0.538
4.710	0.538
4.740	0.538
4.770	0.538
4.800	0.538
4.830	0.539
4.860	0.538
4.890	0.538
4.920	0.538
4.950	0.538
4.980	0.538
5.010	0.538
5.040	0.538
5.070	0.538
5.100	0.538
5.130	0.538
5.160	0.539
5.190	0.538
5.220	0.539
5.250	0.539
5.280	0.539
5.310	0.539
5.340	0.538
5.370	0.539
5.400	0.538
5.430	0.538
5.460	0.538
5.490	0.538
5.520	0.538
5.550	0.538
5.580	0.538
5.610	0.538
5.640	0.538
5.670	0.538
5.700	0.538
5.730	0.538
5.760	0.538
5.790	0.538
5.820	0.538
5.850	0.538
5.880	0.539
5.910	0.538
5.940	0.538
5.970	0.539
6.000	0.539
6.030	0.538
6.060	0.538
6.090	0.538
6.120	0.538
6.150	0.538
6.180	0.538
6.210	0.538
6.240	0.538
6.270	0.538
6.300	0.538
6.330	0.538
6.360	0.538
6.390	0.538
6.420	0.538
6.450	0.538
6.480	0.538
6.510	0.538
6.540	0.538
6.570	0.538
6.600	0.538
6.630	0.538
6.660	0.538
6.690	0.538
6.720	0.538
6.750	0.538
6.780	0.538
6.810	0.538
6.840	0.538
6.870	0.538
6.900	0.538
6.930	0.538
6.960	0.538
6.990	0.539
7.020	0.539
7.050	0.539
7.080	0.539
7.110	0.539
7.140	0.539
7.170	0.539
7.200	0.539
7.230	0.539
7.260	0.539
7.290	0.539
7.320	0.539
7.350	0.538
7.380	0.538
7.410	0.538
7.440	0.538
7.470	0.538
7.500	0.538
7.530	0.538
7.560	0.538
7.590	0.538
7.620	0.538
7.650	0.538
7.680	0.537
7.710	0.540
7.740	0.538
7.770	0.538
7.800	0.538
7.830	0.538
7.860	0.538
7.890	0.538
7.920	0.539
7.950	0.539
7.980	0.538
8.010	0.539
8.040	0.538
8.070	0.538
8.100	0.538
8.130	0.539
8.160	0.538
8.190	0.538
8.220	0.538
8.250	0.539
8.280	0.539
8.310	0.539
8.340	0.538
8.370	0.539
8.400	0.539
8.430	0.538
8.460	0.539
8.490	0.538
8.520	0.538
8.550	0.539
8.580	0.539
8.610	0.538
8.640	0.538
8.670	0.538
8.700	0.538
8.730	0.538
8.760	0.538
8.790	0.538
8.820	0.538
8.850	0.538
8.880	0.538
8.910	0.538
8.940	0.538
8.970	0.538
9.000	0.538
9.030	0.538
9.060	0.538
9.090	0.538
9.120	0.538
9.150	0.538
9.180	0.538
9.210	0.538
9.240	0.539
9.270	0.539
9.300	0.539
9.330	0.539
9.360	0.539
9.390	0.539
9.420	0.539
9.450	0.539
9.480	0.539
9.510	0.539
9.540	0.539
9.570	0.539
9.600	0.539
9.630	0.539
9.660	0.539
9.690	0.539
9.720	0.539
9.750	0.539
9.780	0.539
9.810	0.539
9.840	0.539
9.870	0.539
9.900	0.539
9.930	0.539
9.960	0.539
9.990	0.539
10.020	0.539
10.050	0.539
10.080	0.539
10.110	0.539
10.140	0.539
10.170	0.539
10.200	0.539
10.230	0.539
10.260	0.539
10.290	0.539
10.320	0.539
10.350	0.539
10.380	0.539
10.410	0.539
10.440	0.539
10.470	0.539
10.500	0.539
10.530	0.539
10.560	0.539
10.590	0.539
10.620	0.539
10.650	0.539
10.680	0.539
10.710	0.539
10.740	0.540
10.770	0.540
10.800	0.540
10.830	0.540
10.860	0.540
10.890	0.540
10.920	0.540
10.950	0.540
10.980	0.540
11.010	0.540
11.040	0.540
11.070	0.540
11.100	0.540
11.130	0.540
11.160	0.540
11.190	0.540
11.220	0.540
11.250	0.540
11.280	0.540
11.310	0.540
11.340	0.540
11.370	0.540
11.400	0.540
11.430	0.540
11.460	0.540
11.490	0.541
11.520	0.541
11.550	0.541
11.580	0.540
11.610	0.541
11.640	0.541
11.670	0.541
11.700	0.541
11.730	0.538
11.760	0.541
11.790	0.541
11.820	0.541
11.850	0.542
11.880	0.541
11.910	0.541
11.940	0.542
11.970	0.542
12.000	0.542
12.030	0.542
12.060	0.542
12.090	0.542
12.120	0.542
12.150	0.542
12.180	0.542
12.210	0.542
12.240	0.542
12.270	0.542
12.300	0.542
12.330	0.542
12.360	0.542
12.390	0.542
12.420	0.542
12.450	0.542
12.480	0.542
12.510	0.542
12.540	0.542
12.570	0.542
12.600	0.542
12.630	0.543
12.660	0.543
12.690	0.543
12.720	0.543
12.750	0.543
12.780	0.543
12.810	0.543
12.840	0.543
12.870	0.543
12.900	0.543
12.930	0.543
12.960	0.543
12.990	0.543
13.020	0.543
13.050	0.543
13.080	0.543
13.110	0.543
13.140	0.543
13.170	0.543
13.200	0.543
13.230	0.543
13.260	0.543
13.290	0.543
13.320	0.543
13.350	0.543
13.380	0.544
13.410	0.544
13.440	0.544
13.470	0.544
13.500	0.544
13.530	0.544
13.560	0.544
13.590	0.544
13.620	0.544
13.650	0.544
13.680	0.544
13.710	0.544
13.740	0.544
13.770	0.544
13.800	0.544
13.830	0.544
13.860	0.544
13.890	0.544
13.920	0.544
13.950	0.544
13.980	0.544
14.010	0.544
14.040	0.545
14.070	0.544
14.100	0.544
14.130	0.545
14.160	0.545
14.190	0.545
14.220	0.545
14.250	0.545
14.280	0.545
14.310	0.545
14.340	0.545
14.370	0.545
14.400	0.545
14.430	0.545
14.460	0.545
14.490	0.545
14.520	0.545
14.550	0.546
14.580	0.546
14.610	0.546
14.640	0.546
14.670	0.546
14.700	0.546
14.730	0.546
14.760	0.546
14.790	0.546
14.820	0.546
14.850	0.546
14.880	0.546
14.910	0.546
14.940	0.546
14.970	0.546
15.000	0.546
15.000	0.546
