0.000	0.543
0.030	0.543
0.060	0.543
0.090	0.543
0.120	0.543
0.150	0.543
0.180	0.543
0.210	0.543
0.240	0.543
0.270	0.543
0.300	0.543
0.330	0.543
0.360	0.543
0.390	0.543
0.420	0.543
0.450	0.543
0.480	0.543
0.510	0.543
0.540	0.543
0.570	0.543
0.600	0.543
0.630	0.543
0.660	0.543
0.690	0.543
0.720	0.543
0.750	0.543
0.780	0.543
0.810	0.543
0.840	0.543
0.870	0.543
0.900	0.543
0.930	0.543
0.960	0.543
0.990	0.543
1.020	0.543
1.050	0.543
1.080	0.543
1.110	0.543
1.140	0.543
1.170	0.543
1.200	0.543
1.230	0.543
1.260	0.543
1.290	0.543
1.320	0.543
1.350	0.543
1.380	0.544
1.410	0.544
1.440	0.544
1.470	0.544
1.500	0.543
1.530	0.543
1.560	0.542
1.590	0.542
1.620	0.541
1.650	0.541
1.680	0.540
1.710	0.540
1.740	0.540
1.770	0.539
1.800	0.539
1.830	0.539
1.860	0.539
1.890	0.538
1.920	0.538
1.950	0.538
1.980	0.537
2.010	0.536
2.040	0.535
2.070	0.536
2.100	0.536
2.130	0.536
2.160	0.537
2.190	0.536
2.220	0.536
2.250	0.536
2.280	0.536
2.310	0.536
2.340	0.535
2.370	0.535
2.400	0.535
2.430	0.535
2.460	0.535
2.490	0.535
2.520	0.535
2.550	0.535
2.580	0.535
2.610	0.535
2.640	0.535
2.670	0.535
2.700	0.535
2.730	0.535
2.760	0.535
2.790	0.535
2.820	0.535
2.850	0.535
2.880	0.535
2.910	0.535
2.940	0.535
2.970	0.535
3.000	0.535
3.030	0.535
3.060	0.535
3.090	0.535
3.120	0.535
3.150	0.535
3.180	0.535
3.210	0.534
3.240	0.534
3.270	0.534
3.300	0.534
3.330	0.534
3.360	0.534
3.390	0.534
3.420	0.534
3.450	0.534
3.480	0.534
3.510	0.534
3.540	0.534
3.570	0.534
3.600	0.534
3.630	0.534
3.660	0.534
3.690	0.534
3.720	0.534
3.750	0.534
3.780	0.534
3.810	0.534
3.840	0.534
3.870	0.534
3.900	0.534
3.930	0.534
3.960	0.534
3.990	0.534
4.020	0.534
4.050	0.534
4.080	0.534
4.110	0.534
4.140	0.534
4.170	0.534
4.200	0.534
4.230	0.534
4.260	0.534
4.290	0.534
4.320	0.534
4.350	0.534
4.380	0.534
4.410	0.534
4.440	0.534
4.470	0.534
4.500	0.534
4.530	0.534
4.560	0.534
4.590	0.534
4.620	0.534
4.650	0.534
4.680	0.534
4.710	0.534
4.740	0.534
4.770	0.534
4.800	0.534
4.830	0.534
4.860	0.534
4.890	0.534
4.920	0.534
4.950	0.534
4.980	0.534
5.010	0.534
5.040	0.534
5.070	0.534
5.100	0.534
5.130	0.534
5.160	0.534
5.190	0.534
5.220	0.534
5.250	0.534
5.280	0.534
5.310	0.534
5.340	0.534
5.370	0.534
5.400	0.534
5.430	0.534
5.460	0.534
5.490	0.534
5.520	0.534
5.550	0.534
5.580	0.534
5.610	0.534
5.640	0.534
5.670	0.534
5.700	0.535
5.730	0.535
5.760	0.535
5.790	0.535
5.820	0.535
5.850	0.535
5.880	0.535
5.910	0.535
5.940	0.535
5.970	0.535
6.000	0.535
6.030	0.535
6.060	0.535
6.090	0.535
6.120	0.535
6.150	0.535
6.180	0.535
6.210	0.535
6.240	0.535
6.270	0.535
6.300	0.535
6.330	0.535
6.360	0.535
6.390	0.535
6.420	0.535
6.450	0.535
6.480	0.535
6.510	0.535
6.540	0.535
6.570	0.535
6.600	0.535
6.630	0.535
6.660	0.535
6.690	0.535
6.720	0.535
6.750	0.535
6.780	0.535
6.810	0.535
6.840	0.535
6.870	0.535
6.900	0.535
6.930	0.535
6.960	0.535
6.990	0.535
7.020	0.534
7.050	0.534
7.080	0.535
7.110	0.535
7.140	0.535
7.170	0.534
7.200	0.534
7.230	0.534
7.260	0.534
7.290	0.534
7.320	0.534
7.350	0.535
7.380	0.535
7.410	0.535
7.440	0.535
7.470	0.535
7.500	0.534
7.530	0.534
7.560	0.534
7.590	0.534
7.620	0.534
7.650	0.535
7.680	0.534
7.710	0.535
7.740	0.535
7.770	0.535
7.800	0.535
7.830	0.535
7.860	0.535
7.890	0.535
7.920	0.535
7.950	0.535
7.980	0.535
8.010	0.535
8.040	0.535
8.070	0.535
8.100	0.535
8.130	0.535
8.160	0.535
8.190	0.535
8.220	0.535
8.250	0.535
8.280	0.535
8.310	0.535
8.340	0.535
8.370	0.535
8.400	0.535
8.430	0.535
8.460	0.535
8.490	0.535
8.520	0.535
8.550	0.535
8.580	0.535
8.610	0.535
8.640	0.535
8.670	0.535
8.700	0.534
8.730	0.532
8.760	0.533
8.790	0.534
8.820	0.535
8.850	0.534
8.880	0.534
8.910	0.534
8.940	0.535
8.970	0.534
9.000	0.535
9.030	0.534
9.060	0.534
9.090	0.534
9.120	0.534
9.150	0.534
9.180	0.534
9.210	0.535
9.240	0.535
9.270	0.535
9.300	0.535
9.330	0.535
9.360	0.535
9.390	0.535
9.420	0.535
9.450	0.535
9.480	0.535
9.510	0.535
9.540	0.535
9.570	0.535
9.600	0.535
9.630	0.535
9.660	0.535
9.690	0.535
9.720	0.536
9.750	0.536
9.780	0.536
9.810	0.536
9.840	0.536
9.870	0.536
9.900	0.536
9.930	0.536
9.960	0.536
9.990	0.536
10.020	0.536
10.050	0.536
10.080	0.536
10.110	0.536
10.140	0.536
10.170	0.536
10.200	0.536
10.230	0.536
10.260	0.536
10.290	0.536
10.320	0.536
10.350	0.536
10.380	0.536
10.410	0.536
10.440	0.536
10.470	0.536
10.500	0.536
10.530	0.536
10.560	0.536
10.590	0.536
10.620	0.536
10.650	0.536
10.680	0.535
10.710	0.536
10.740	0.535
10.770	0.536
10.800	0.536
10.830	0.536
10.860	0.536
10.890	0.536
10.920	0.536
10.950	0.536
10.980	0.536
11.010	0.536
11.040	0.536
11.070	0.536
11.100	0.536
11.130	0.536
11.160	0.536
11.190	0.536
11.220	0.536
11.250	0.536
11.280	0.536
11.310	0.536
11.340	0.535
11.370	0.536
11.400	0.536
11.430	0.536
11.460	0.536
11.490	0.536
11.520	0.536
11.550	0.536
11.580	0.536
11.610	0.536
11.640	0.536
11.670	0.536
11.700	0.536
11.730	0.536
11.760	0.536
11.790	0.536
11.820	0.536
11.850	0.536
11.880	0.536
11.910	0.536
11.940	0.536
11.970	0.536
12.000	0.536
12.030	0.536
12.060	0.536
12.090	0.536
12.120	0.536
12.150	0.536
12.180	0.536
12.210	0.536
12.240	0.536
12.270	0.536
12.300	0.536
12.330	0.536
12.360	0.536
12.390	0.536
12.420	0.536
12.450	0.536
12.480	0.536
12.510	0.536
12.540	0.536
12.570	0.536
12.600	0.536
12.630	0.536
12.660	0.536
12.690	0.536
12.720	0.537
12.750	0.537
12.780	0.537
12.810	0.537
12.840	0.537
12.870	0.537
12.900	0.537
12.930	0.537
12.960	0.537
12.990	0.537
13.020	0.537
13.050	0.537
13.080	0.537
13.110	0.537
13.140	0.537
13.170	0.537
13.200	0.537
13.230	0.537
13.260	0.537
13.290	0.537
13.320	0.537
13.350	0.537
13.380	0.538
13.410	0.538
13.440	0.538
13.470	0.538
13.500	0.538
13.530	0.538
13.560	0.538
13.590	0.538
13.620	0.538
13.650	0.538
13.680	0.538
13.710	0.538
13.740	0.538
13.770	0.538
13.800	0.538
13.830	0.538
13.860	0.538
13.890	0.538
13.920	0.538
13.950	0.539
13.980	0.539
14.010	0.539
14.040	0.539
14.070	0.538
14.100	0.539
14.130	0.538
14.160	0.539
14.190	0.539
14.220	0.539
14.250	0.539
14.280	0.539
14.310	0.539
14.340	0.539
14.370	0.539
14.400	0.539
14.430	0.539
14.460	0.539
14.490	0.540
14.520	0.540
14.550	0.539
14.580	0.540
14.610	0.540
14.640	0.540
14.670	0.540
14.700	0.540
14.730	0.540
14.760	0.540
14.790	0.540
14.820	0.540
14.850	0.540
14.880	0.540
14.910	0.540
14.940	0.540
14.970	0.540
15.000	0.540
15.000	0.540
