0.000	0.531
0.030	0.555
0.060	0.555
0.090	0.555
0.120	0.555
0.150	0.555
0.180	0.555
0.210	0.555
0.240	0.555
0.270	0.555
0.300	0.555
0.330	0.555
0.360	0.555
0.390	0.555
0.420	0.554
0.450	0.554
0.480	0.554
0.510	0.554
0.540	0.554
0.570	0.554
0.600	0.554
0.630	0.553
0.660	0.553
0.690	0.553
0.720	0.553
0.750	0.553
0.780	0.553
0.810	0.553
0.840	0.552
0.870	0.552
0.900	0.552
0.930	0.552
0.960	0.552
0.990	0.552
1.020	0.552
1.050	0.552
1.080	0.551
1.110	0.551
1.140	0.551
1.170	0.551
1.200	0.551
1.230	0.551
1.260	0.550
1.290	0.550
1.320	0.550
1.350	0.550
1.380	0.550
1.410	0.549
1.440	0.549
1.470	0.549
1.500	0.548
1.530	0.548
1.560	0.548
1.590	0.547
1.620	0.547
1.650	0.546
1.680	0.546
1.710	0.546
1.740	0.545
1.770	0.545
1.800	0.545
1.830	0.544
1.860	0.544
1.890	0.544
1.920	0.543
1.950	0.543
1.980	0.543
2.010	0.542
2.040	0.542
2.070	0.542
2.100	0.542
2.130	0.541
2.160	0.541
2.190	0.541
2.220	0.541
2.250	0.541
2.280	0.541
2.310	0.541
2.340	0.541
2.370	0.541
2.400	0.541
2.430	0.541
2.460	0.541
2.490	0.540
2.520	0.540
2.550	0.540
2.580	0.540
2.610	0.540
2.640	0.540
2.670	0.539
2.700	0.539
2.730	0.539
2.760	0.539
2.790	0.538
2.820	0.538
2.850	0.538
2.880	0.538
2.910	0.538
2.940	0.538
2.970	0.537
3.000	0.537
3.030	0.537
3.060	0.537
3.090	0.537
3.120	0.537
3.150	0.536
3.180	0.536
3.210	0.536
3.240	0.536
3.270	0.536
3.300	0.536
3.330	0.536
3.360	0.536
3.390	0.536
3.420	0.536
3.450	0.536
3.480	0.536
3.510	0.536
3.540	0.536
3.570	0.536
3.600	0.536
3.630	0.536
3.660	0.536
3.690	0.536
3.720	0.536
3.750	0.535
3.780	0.535
3.810	0.535
3.840	0.535
3.870	0.536
3.900	0.535
3.930	0.535
3.960	0.535
3.990	0.535
4.020	0.535
4.050	0.535
4.080	0.535
4.110	0.535
4.140	0.535
4.170	0.535
4.200	0.534
4.230	0.534
4.260	0.534
4.290	0.534
4.320	0.534
4.350	0.534
4.380	0.534
4.410	0.534
4.440	0.534
4.470	0.534
4.500	0.534
4.530	0.533
4.560	0.533
4.590	0.533
4.620	0.533
4.650	0.533
4.680	0.533
4.710	0.533
4.740	0.533
4.770	0.533
4.800	0.533
4.830	0.533
4.860	0.533
4.890	0.533
4.920	0.533
4.950	0.533
4.980	0.533
5.010	0.533
5.040	0.533
5.070	0.533
5.100	0.533
5.130	0.533
5.160	0.533
5.190	0.533
5.220	0.533
5.250	0.533
5.280	0.533
5.310	0.533
5.340	0.533
5.370	0.533
5.400	0.533
5.430	0.533
5.460	0.532
5.490	0.533
5.520	0.532
5.550	0.532
5.580	0.532
5.610	0.532
5.640	0.532
5.670	0.532
5.700	0.532
5.730	0.532
5.760	0.532
5.790	0.532
5.820	0.532
5.850	0.531
5.880	0.531
5.910	0.531
5.940	0.531
5.970	0.531
6.000	0.531
6.030	0.531
6.060	0.530
6.090	0.530
6.120	0.530
6.150	0.530
6.180	0.530
6.210	0.530
6.240	0.530
6.270	0.530
6.300	0.530
6.330	0.530
6.360	0.530
6.390	0.530
6.420	0.530
6.450	0.529
6.480	0.529
6.510	0.529
6.540	0.529
6.570	0.529
6.600	0.529
6.630	0.529
6.660	0.529
6.690	0.529
6.720	0.529
6.750	0.529
6.780	0.529
6.810	0.529
6.840	0.529
6.870	0.529
6.900	0.529
6.930	0.529
6.960	0.529
6.990	0.529
7.020	0.529
7.050	0.529
7.080	0.529
7.110	0.529
7.140	0.529
7.170	0.529
7.200	0.529
7.230	0.529
7.260	0.529
7.290	0.529
7.320	0.529
7.350	0.529
7.380	0.529
7.410	0.530
7.440	0.529
7.470	0.530
7.500	0.529
7.530	0.529
7.560	0.530
7.590	0.530
7.620	0.529
7.650	0.530
7.680	0.529
7.710	0.529
7.740	0.530
7.770	0.529
7.800	0.530
7.830	0.529
7.860	0.529
7.890	0.529
7.920	0.529
7.950	0.529
7.980	0.529
8.010	0.529
8.040	0.529
8.070	0.529
8.100	0.529
8.130	0.529
8.160	0.529
8.190	0.529
8.220	0.529
8.250	0.529
8.280	0.529
8.310	0.529
8.340	0.529
8.370	0.529
8.400	0.529
8.430	0.529
8.460	0.529
8.490	0.529
8.520	0.529
8.550	0.529
8.580	0.529
8.610	0.529
8.640	0.529
8.670	0.529
8.700	0.529
8.730	0.529
8.760	0.529
8.790	0.529
8.820	0.529
8.850	0.529
8.880	0.529
8.910	0.529
8.940	0.529
8.970	0.529
9.000	0.529
9.030	0.529
9.060	0.529
9.090	0.529
9.120	0.529
9.150	0.529
9.180	0.529
9.210	0.529
9.240	0.529
9.270	0.529
9.300	0.529
9.330	0.529
9.360	0.529
9.390	0.529
9.420	0.529
9.450	0.529
9.480	0.529
9.510	0.529
9.540	0.529
9.570	0.529
9.600	0.529
9.630	0.529
9.660	0.529
9.690	0.529
9.720	0.529
9.750	0.529
9.780	0.530
9.810	0.530
9.840	0.530
9.870	0.530
9.900	0.530
9.930	0.530
9.960	0.530
9.990	0.530
10.020	0.530
10.050	0.530
10.080	0.530
10.110	0.530
10.140	0.530
10.170	0.530
10.200	0.530
10.230	0.530
10.260	0.530
10.290	0.530
10.320	0.530
10.350	0.530
10.380	0.530
10.410	0.530
10.440	0.530
10.470	0.530
10.500	0.530
10.530	0.529
10.560	0.529
10.590	0.529
10.620	0.530
10.650	0.530
10.680	0.530
10.710	0.529
10.740	0.529
10.770	0.530
10.800	0.530
10.830	0.530
10.860	0.530
10.890	0.529
10.920	0.530
10.950	0.529
10.980	0.530
11.010	0.530
11.040	0.530
11.070	0.531
11.100	0.531
11.130	0.531
11.160	0.529
11.190	0.531
11.220	0.530
11.250	0.529
11.280	0.530
11.310	0.530
11.340	0.530
11.370	0.529
11.400	0.529
11.430	0.529
11.460	0.529
11.490	0.529
11.520	0.529
11.550	0.528
11.580	0.528
11.610	0.528
11.640	0.528
11.670	0.528
11.700	0.527
11.730	0.527
11.760	0.527
11.790	0.527
11.820	0.527
11.850	0.526
11.880	0.526
11.910	0.526
11.940	0.526
11.970	0.526
12.000	0.526
12.030	0.526
12.060	0.526
12.090	0.526
12.120	0.526
12.150	0.526
12.180	0.526
12.210	0.526
12.240	0.526
12.270	0.526
12.300	0.526
12.330	0.526
12.360	0.527
12.390	0.527
12.420	0.527
12.450	0.527
12.480	0.527
12.510	0.527
12.540	0.527
12.570	0.528
12.600	0.528
12.630	0.528
12.660	0.528
12.690	0.528
12.720	0.528
12.750	0.528
12.780	0.528
12.810	0.529
12.840	0.529
12.870	0.529
12.900	0.529
12.930	0.529
12.960	0.529
12.990	0.529
13.020	0.529
13.050	0.529
13.080	0.529
13.110	0.529
13.140	0.529
13.170	0.529
13.200	0.529
13.230	0.529
13.260	0.529
13.290	0.529
13.320	0.529
13.350	0.529
13.380	0.529
13.410	0.529
13.440	0.529
13.470	0.529
13.500	0.529
13.530	0.529
13.560	0.529
13.590	0.529
13.620	0.528
13.650	0.529
13.680	0.528
13.710	0.528
13.740	0.528
13.770	0.528
13.800	0.528
13.830	0.528
13.860	0.528
13.890	0.528
13.920	0.528
13.950	0.529
13.980	0.529
14.010	0.529
14.040	0.529
14.070	0.529
14.100	0.529
14.130	0.529
14.160	0.529
14.190	0.529
14.220	0.529
14.250	0.529
14.280	0.529
14.310	0.529
14.340	0.529
14.370	0.530
14.400	0.530
14.430	0.530
14.460	0.530
14.490	0.530
14.520	0.530
14.550	0.530
14.580	0.530
14.610	0.530
14.640	0.530
14.670	0.530
14.700	0.531
14.730	0.531
14.760	0.531
14.790	0.531
14.820	0.531
14.850	0.531
14.880	0.531
14.910	0.531
14.940	0.531
14.970	0.531
15.000	0.531
15.000	0.531
